4547.mp4,-1,-1,45.3419
2987.mp4,-1,-1,56.6285
3357.mp4,-1,-1,23.4731
59.mp4,-1,-1,47.4468
3129.mp4,-1,-1,50.4033
3958.mp4,-1,-1,22.9498
5132.mp4,-1,-1,48.2667
317.mp4,-1,-1,65.6547
2976.mp4,-1,-1,45.5803
4431.mp4,-1,-1,39.539
5145.mp4,-1,-1,28.9889
5908.mp4,-1,-1,61.6648
5775.mp4,-1,-1,42.3622
2359.mp4,-1,-1,45.9482
3278.mp4,-1,-1,69.9776
2507.mp4,-1,-1,42.5176
1075.mp4,-1,-1,52.5086
1380.mp4,-1,-1,56.8856
4695.mp4,-1,-1,58.0713
395.mp4,-1,-1,36.7719
2495.mp4,-1,-1,53.2597
5659.mp4,-1,-1,58.6005
4180.mp4,-1,-1,71.8295
4281.mp4,-1,-1,48.7335
55.mp4,-1,-1,60.2159
4518.mp4,-1,-1,62.8389
3243.mp4,-1,-1,46.8788
3548.mp4,-1,-1,61.0588
2606.mp4,-1,-1,43.3528
944.mp4,-1,-1,51.0976
4239.mp4,-1,-1,36.9276
2028.mp4,-1,-1,30.388
224.mp4,-1,-1,69.6129
5895.mp4,-1,-1,57.5318
1486.mp4,-1,-1,44.2653
384.mp4,-1,-1,32.9713
6053.mp4,-1,-1,49.9294
4276.mp4,-1,-1,63.1873
2101.mp4,-1,-1,37.2987
3086.mp4,-1,-1,42.604
6129.mp4,-1,-1,55.3002
1575.mp4,-1,-1,53.0901
2568.mp4,-1,-1,50.0087
3431.mp4,-1,-1,52.052
1813.mp4,-1,-1,49.2655
1924.mp4,-1,-1,26.7597
3196.mp4,-1,-1,67.767
4653.mp4,-1,-1,71.3527
5631.mp4,-1,-1,55.7949
1529.mp4,-1,-1,70.9395
1316.mp4,-1,-1,29.5015
3255.mp4,-1,-1,56.7541
2120.mp4,-1,-1,42.9772
2259.mp4,-1,-1,61.1172
4995.mp4,-1,-1,34.0388
5093.mp4,-1,-1,63.0858
6282.mp4,-1,-1,40.2738
993.mp4,-1,-1,54.8157
5823.mp4,-1,-1,46.9999
3115.mp4,-1,-1,33.6031
1204.mp4,-1,-1,49.812
2497.mp4,-1,-1,33.533
4635.mp4,-1,-1,37.8989
2463.mp4,-1,-1,35.4227
5709.mp4,-1,-1,59.6247
1815.mp4,-1,-1,46.4025
3184.mp4,-1,-1,54.6325
4410.mp4,-1,-1,53.03
1878.mp4,-1,-1,67.1702
4100.mp4,-1,-1,63.1817
5813.mp4,-1,-1,60.7694
4931.mp4,-1,-1,40.1682
6190.mp4,-1,-1,46.7754
4977.mp4,-1,-1,39.5034
3975.mp4,-1,-1,60.2332
2317.mp4,-1,-1,47.4493
3486.mp4,-1,-1,53.2698
5227.mp4,-1,-1,50.2196
5120.mp4,-1,-1,56.6949
1962.mp4,-1,-1,64.4846
3779.mp4,-1,-1,69.4958
1574.mp4,-1,-1,62.8802
672.mp4,-1,-1,72.5812
1667.mp4,-1,-1,58.1241
4555.mp4,-1,-1,30.9964
263.mp4,-1,-1,49.397
3406.mp4,-1,-1,40.7348
4055.mp4,-1,-1,38.4028
5073.mp4,-1,-1,70.7105
566.mp4,-1,-1,62.5085
2157.mp4,-1,-1,57.5292
4016.mp4,-1,-1,20.283
6244.mp4,-1,-1,59.3625
2234.mp4,-1,-1,57.6245
2043.mp4,-1,-1,53.0856
5700.mp4,-1,-1,51.0187
1208.mp4,-1,-1,44.2798
251.mp4,-1,-1,55.181
2794.mp4,-1,-1,53.2707
2972.mp4,-1,-1,44.5835
3295.mp4,-1,-1,49.3547
4053.mp4,-1,-1,61.2187
831.mp4,-1,-1,38.0178
894.mp4,-1,-1,45.0799
6271.mp4,-1,-1,43.3484
2849.mp4,-1,-1,46.9136
1573.mp4,-1,-1,55.1027
1680.mp4,-1,-1,56.9253
5808.mp4,-1,-1,64.4313
1913.mp4,-1,-1,56.7127
705.mp4,-1,-1,46.1299
6191.mp4,-1,-1,55.1356
3339.mp4,-1,-1,60.9802
4812.mp4,-1,-1,62.7682
1423.mp4,-1,-1,63.6792
5182.mp4,-1,-1,44.5313
6070.mp4,-1,-1,60.6245
1953.mp4,-1,-1,44.7781
5334.mp4,-1,-1,33.3652
6261.mp4,-1,-1,59.0985
4494.mp4,-1,-1,47.2457
3423.mp4,-1,-1,37.2182
3868.mp4,-1,-1,45.0882
4052.mp4,-1,-1,65.7884
2908.mp4,-1,-1,59.3755
4282.mp4,-1,-1,63.3738
4772.mp4,-1,-1,50.1943
963.mp4,-1,-1,58.3428
1721.mp4,-1,-1,54.7848
5878.mp4,-1,-1,58.4474
6012.mp4,-1,-1,62.9659
245.mp4,-1,-1,48.6097
3791.mp4,-1,-1,62.9412
4946.mp4,-1,-1,52.1523
198.mp4,-1,-1,72.201
3790.mp4,-1,-1,56.4439
2506.mp4,-1,-1,66.7535
6022.mp4,-1,-1,50.6766
6270.mp4,-1,-1,42.7508
4129.mp4,-1,-1,66.2666
3388.mp4,-1,-1,43.6
425.mp4,-1,-1,56.0897
235.mp4,-1,-1,62.8317
4401.mp4,-1,-1,46.909
5691.mp4,-1,-1,54.5525
3824.mp4,-1,-1,28.5602
2248.mp4,-1,-1,50.4055
1077.mp4,-1,-1,56.3564
4718.mp4,-1,-1,46.39
1658.mp4,-1,-1,56.4337
4789.mp4,-1,-1,50.6455
3304.mp4,-1,-1,66.8581
2913.mp4,-1,-1,45.8157
18.mp4,-1,-1,16.5615
6276.mp4,-1,-1,66.1865
4562.mp4,-1,-1,68.8892
4882.mp4,-1,-1,51.618
133.mp4,-1,-1,68.3044
4393.mp4,-1,-1,58.642
4489.mp4,-1,-1,40.783
876.mp4,-1,-1,62.7185
5539.mp4,-1,-1,64.0063
3886.mp4,-1,-1,64.6125
1260.mp4,-1,-1,27.5444
893.mp4,-1,-1,58.1799
1326.mp4,-1,-1,52.2498
2814.mp4,-1,-1,58.7823
5366.mp4,-1,-1,64.5252
2890.mp4,-1,-1,40.8455
5932.mp4,-1,-1,49.7714
3782.mp4,-1,-1,66.4049
3128.mp4,-1,-1,47.6824
3426.mp4,-1,-1,51.8758
4662.mp4,-1,-1,44.7432
5459.mp4,-1,-1,67.1879
4917.mp4,-1,-1,65.6362
3155.mp4,-1,-1,48.5493
2500.mp4,-1,-1,54.4332
3882.mp4,-1,-1,62.5495
5528.mp4,-1,-1,60.0968
6011.mp4,-1,-1,45.6998
242.mp4,-1,-1,52.744
4983.mp4,-1,-1,58.058
2617.mp4,-1,-1,49.6333
103.mp4,-1,-1,45.7891
721.mp4,-1,-1,63.3109
897.mp4,-1,-1,31.8959
2325.mp4,-1,-1,60.9935
4778.mp4,-1,-1,55.0372
5355.mp4,-1,-1,47.3694
2209.mp4,-1,-1,30.4557
2999.mp4,-1,-1,52.4577
172.mp4,-1,-1,34.1837
4383.mp4,-1,-1,64.0742
4073.mp4,-1,-1,54.0923
505.mp4,-1,-1,38.5659
1874.mp4,-1,-1,57.351
3467.mp4,-1,-1,35.8886
2471.mp4,-1,-1,67.9349
4010.mp4,-1,-1,33.3074
6077.mp4,-1,-1,65.5531
5975.mp4,-1,-1,59.5109
5011.mp4,-1,-1,38.5251
961.mp4,-1,-1,16.2216
4413.mp4,-1,-1,39.6194
5853.mp4,-1,-1,57.5696
1693.mp4,-1,-1,62.1958
387.mp4,-1,-1,48.4231
5000.mp4,-1,-1,40.3647
2165.mp4,-1,-1,46.2551
4536.mp4,-1,-1,59.939
2503.mp4,-1,-1,55.6223
3565.mp4,-1,-1,41.5894
5619.mp4,-1,-1,63.2653
5272.mp4,-1,-1,40.0821
2347.mp4,-1,-1,53.0293
821.mp4,-1,-1,54.9057
2107.mp4,-1,-1,30.4714
3653.mp4,-1,-1,65.7622
2366.mp4,-1,-1,63.3015
3677.mp4,-1,-1,53.4211
3041.mp4,-1,-1,58.2326
668.mp4,-1,-1,49.5261
3739.mp4,-1,-1,58.2878
1525.mp4,-1,-1,53.1408
4852.mp4,-1,-1,37.4883
5324.mp4,-1,-1,62.3249
5580.mp4,-1,-1,17.2042
5639.mp4,-1,-1,42.01
443.mp4,-1,-1,23.3528
4576.mp4,-1,-1,62.3847
4823.mp4,-1,-1,49.3023
5154.mp4,-1,-1,47.7763
1028.mp4,-1,-1,47.2023
2150.mp4,-1,-1,66.8773
1068.mp4,-1,-1,48.0184
1979.mp4,-1,-1,47.0326
575.mp4,-1,-1,37.6106
5249.mp4,-1,-1,63.1207
3274.mp4,-1,-1,57.7078
1699.mp4,-1,-1,59.9629
6168.mp4,-1,-1,60.7834
2014.mp4,-1,-1,22.4729
1108.mp4,-1,-1,62.204
73.mp4,-1,-1,68.6138
4633.mp4,-1,-1,51.5389
5529.mp4,-1,-1,65.6824
5620.mp4,-1,-1,47.3274
115.mp4,-1,-1,26.5737
5307.mp4,-1,-1,53.9012
3655.mp4,-1,-1,59.6152
4113.mp4,-1,-1,52.8109
3449.mp4,-1,-1,25.194
3313.mp4,-1,-1,50.1051
207.mp4,-1,-1,46.5352
2005.mp4,-1,-1,37.5883
4154.mp4,-1,-1,46.0385
4371.mp4,-1,-1,51.5269
6213.mp4,-1,-1,63.3196
3843.mp4,-1,-1,42.2552
3383.mp4,-1,-1,52.9417
743.mp4,-1,-1,53.9926
1390.mp4,-1,-1,28.3683
2350.mp4,-1,-1,46.8072
1490.mp4,-1,-1,53.0285
5628.mp4,-1,-1,46.9735
5203.mp4,-1,-1,51.4417
2002.mp4,-1,-1,34.0751
4207.mp4,-1,-1,59.2273
988.mp4,-1,-1,32.8225
5040.mp4,-1,-1,53.0341
5806.mp4,-1,-1,48.968
4758.mp4,-1,-1,32.8149
5169.mp4,-1,-1,41.9696
4485.mp4,-1,-1,39.9793
608.mp4,-1,-1,49.8455
754.mp4,-1,-1,63.2604
1793.mp4,-1,-1,40.5596
3453.mp4,-1,-1,59.9268
906.mp4,-1,-1,61.2397
3214.mp4,-1,-1,71.7756
5810.mp4,-1,-1,33.1084
3988.mp4,-1,-1,65.1609
3188.mp4,-1,-1,47.171
181.mp4,-1,-1,37.0426
4450.mp4,-1,-1,63.0456
4077.mp4,-1,-1,29.6436
2056.mp4,-1,-1,54.8837
632.mp4,-1,-1,49.0398
3928.mp4,-1,-1,55.4516
4942.mp4,-1,-1,55.8203
4435.mp4,-1,-1,48.0631
3398.mp4,-1,-1,47.3915
3216.mp4,-1,-1,59.3987
3349.mp4,-1,-1,45.5394
4947.mp4,-1,-1,55.7026
471.mp4,-1,-1,51.34
5827.mp4,-1,-1,62.6184
4150.mp4,-1,-1,41.61
3842.mp4,-1,-1,51.6584
915.mp4,-1,-1,45.0235
5443.mp4,-1,-1,57.5437
4538.mp4,-1,-1,59.024
5262.mp4,-1,-1,55.8835
1971.mp4,-1,-1,34.1134
5027.mp4,-1,-1,52.2857
2801.mp4,-1,-1,62.4093
2033.mp4,-1,-1,62.4364
1474.mp4,-1,-1,34.0931
1363.mp4,-1,-1,65.3037
2862.mp4,-1,-1,49.284
1719.mp4,-1,-1,52.6025
270.mp4,-1,-1,50.7329
5679.mp4,-1,-1,44.0114
3392.mp4,-1,-1,52.4944
4192.mp4,-1,-1,59.4459
2153.mp4,-1,-1,57.8402
942.mp4,-1,-1,45.2956
899.mp4,-1,-1,48.3689
3695.mp4,-1,-1,62.0458
4442.mp4,-1,-1,44.4779
5974.mp4,-1,-1,49.5226
1515.mp4,-1,-1,42.8362
6031.mp4,-1,-1,26.6821
1309.mp4,-1,-1,67.2165
1747.mp4,-1,-1,53.9069
957.mp4,-1,-1,62.9959
217.mp4,-1,-1,39.1876
65.mp4,-1,-1,37.3797
3024.mp4,-1,-1,49.5208
4355.mp4,-1,-1,65.578
3124.mp4,-1,-1,52.5972
415.mp4,-1,-1,66.0958
969.mp4,-1,-1,48.0093
2074.mp4,-1,-1,60.9809
3057.mp4,-1,-1,49.8511
5147.mp4,-1,-1,50.4229
388.mp4,-1,-1,52.8467
2823.mp4,-1,-1,23.4237
5405.mp4,-1,-1,52.8196
200.mp4,-1,-1,43.9973
2874.mp4,-1,-1,61.0906
478.mp4,-1,-1,60.5472
1149.mp4,-1,-1,42.7513
2229.mp4,-1,-1,38.8994
2926.mp4,-1,-1,62.0164
122.mp4,-1,-1,34.5094
2920.mp4,-1,-1,61.3259
2438.mp4,-1,-1,24.6809
3897.mp4,-1,-1,55.1768
3848.mp4,-1,-1,63.2332
1414.mp4,-1,-1,52.0237
3112.mp4,-1,-1,58.9361
661.mp4,-1,-1,51.6509
1051.mp4,-1,-1,38.9766
4678.mp4,-1,-1,48.1408
3528.mp4,-1,-1,62.6224
2264.mp4,-1,-1,62.8126
1912.mp4,-1,-1,61.7486
4133.mp4,-1,-1,30.5115
1942.mp4,-1,-1,64.6063
3218.mp4,-1,-1,63.5332
359.mp4,-1,-1,30.9186
5150.mp4,-1,-1,60.9335
2441.mp4,-1,-1,29.8002
328.mp4,-1,-1,40.773
1364.mp4,-1,-1,24.7992
3066.mp4,-1,-1,56.7879
2115.mp4,-1,-1,45.9196
202.mp4,-1,-1,55.7189
3248.mp4,-1,-1,63.1281
3914.mp4,-1,-1,60.8413
811.mp4,-1,-1,30.5864
6157.mp4,-1,-1,32.4584
179.mp4,-1,-1,62.1807
3197.mp4,-1,-1,59.4843
420.mp4,-1,-1,41.2448
4795.mp4,-1,-1,56.2612
2780.mp4,-1,-1,42.7512
2237.mp4,-1,-1,42.3879
6155.mp4,-1,-1,56.095
1462.mp4,-1,-1,61.466
2671.mp4,-1,-1,25.388
3039.mp4,-1,-1,43.9237
4115.mp4,-1,-1,30.1073
5655.mp4,-1,-1,69.8696
1315.mp4,-1,-1,56.5159
3919.mp4,-1,-1,48.2785
6086.mp4,-1,-1,49.627
5501.mp4,-1,-1,51.0816
4990.mp4,-1,-1,49.85
590.mp4,-1,-1,39.645
4394.mp4,-1,-1,56.4181
3531.mp4,-1,-1,49.3585
2109.mp4,-1,-1,52.8123
1934.mp4,-1,-1,50.8421
684.mp4,-1,-1,35.5722
5933.mp4,-1,-1,59.7068
2888.mp4,-1,-1,38.5667
1344.mp4,-1,-1,31.8077
2396.mp4,-1,-1,45.8088
1296.mp4,-1,-1,46.9347
1748.mp4,-1,-1,60.7171
2181.mp4,-1,-1,49.3727
1081.mp4,-1,-1,44.8638
1299.mp4,-1,-1,55.8175
4362.mp4,-1,-1,46.0997
2310.mp4,-1,-1,50.3595
26.mp4,-1,-1,61.4576
3343.mp4,-1,-1,35.6366
5955.mp4,-1,-1,67.6568
580.mp4,-1,-1,64.4686
1660.mp4,-1,-1,27.342
5450.mp4,-1,-1,40.86
3441.mp4,-1,-1,53.7629
6189.mp4,-1,-1,49.301
3924.mp4,-1,-1,35.8229
4591.mp4,-1,-1,67.7962
5674.mp4,-1,-1,66.16
4414.mp4,-1,-1,56.6754
5743.mp4,-1,-1,71.5288
4700.mp4,-1,-1,44.0198
3427.mp4,-1,-1,25.2119
3327.mp4,-1,-1,27.4246
4347.mp4,-1,-1,53.7895
889.mp4,-1,-1,42.6091
2708.mp4,-1,-1,52.2722
3436.mp4,-1,-1,19.9855
527.mp4,-1,-1,46.8847
2472.mp4,-1,-1,51.6198
5849.mp4,-1,-1,52.8988
2565.mp4,-1,-1,54.7824
4500.mp4,-1,-1,46.4828
1426.mp4,-1,-1,25.1177
2634.mp4,-1,-1,28.1416
2501.mp4,-1,-1,31.7063
4221.mp4,-1,-1,68.6125
3620.mp4,-1,-1,37.3907
1522.mp4,-1,-1,42.0855
5379.mp4,-1,-1,52.0264
3397.mp4,-1,-1,39.5873
5022.mp4,-1,-1,56.4222
5649.mp4,-1,-1,51.7809
2117.mp4,-1,-1,45.0044
4956.mp4,-1,-1,51.9311
2638.mp4,-1,-1,23.5154
1144.mp4,-1,-1,50.8526
146.mp4,-1,-1,66.6734
1873.mp4,-1,-1,63.9432
4690.mp4,-1,-1,62.7546
5566.mp4,-1,-1,36.9149
4478.mp4,-1,-1,62.1704
2134.mp4,-1,-1,68.9069
3660.mp4,-1,-1,46.8231
1026.mp4,-1,-1,38.6423
578.mp4,-1,-1,37.0249
2222.mp4,-1,-1,33.9523
4506.mp4,-1,-1,51.2446
3379.mp4,-1,-1,67.9126
3068.mp4,-1,-1,47.8875
126.mp4,-1,-1,46.706
2806.mp4,-1,-1,42.5522
2141.mp4,-1,-1,54.1208
4543.mp4,-1,-1,56.1448
2519.mp4,-1,-1,59.989
760.mp4,-1,-1,51.7057
302.mp4,-1,-1,11.7691
4298.mp4,-1,-1,63.3681
3891.mp4,-1,-1,48.5548
5791.mp4,-1,-1,62.8017
4103.mp4,-1,-1,39.2707
4375.mp4,-1,-1,55.2106
2693.mp4,-1,-1,49.0061
792.mp4,-1,-1,50.9115
3768.mp4,-1,-1,62.5003
5141.mp4,-1,-1,55.0915
4590.mp4,-1,-1,46.1324
2647.mp4,-1,-1,63.854
2961.mp4,-1,-1,51.1301
3067.mp4,-1,-1,64.0517
5410.mp4,-1,-1,35.3895
2353.mp4,-1,-1,64.6647
63.mp4,-1,-1,62.4719
6042.mp4,-1,-1,16.5953
20.mp4,-1,-1,38.4135
683.mp4,-1,-1,75.5377
6283.mp4,-1,-1,64.6492
2513.mp4,-1,-1,71.5755
6131.mp4,-1,-1,17.8664
5234.mp4,-1,-1,48.2301
2375.mp4,-1,-1,38.9296
6158.mp4,-1,-1,55.943
3786.mp4,-1,-1,35.6701
4539.mp4,-1,-1,66.7128
1582.mp4,-1,-1,72.8977
4544.mp4,-1,-1,46.3692
2068.mp4,-1,-1,48.7269
4198.mp4,-1,-1,57.2652
1612.mp4,-1,-1,59.8281
3136.mp4,-1,-1,50.5099
34.mp4,-1,-1,29.477
5245.mp4,-1,-1,40.9486
609.mp4,-1,-1,40.7632
4491.mp4,-1,-1,59.2394
3778.mp4,-1,-1,15.4304
5420.mp4,-1,-1,54.6335
71.mp4,-1,-1,63.4954
3910.mp4,-1,-1,58.8711
3334.mp4,-1,-1,24.4283
4656.mp4,-1,-1,60.6184
6137.mp4,-1,-1,58.732
2079.mp4,-1,-1,71.0952
405.mp4,-1,-1,34.362
4449.mp4,-1,-1,62.4153
977.mp4,-1,-1,55.0105
1074.mp4,-1,-1,56.7991
1906.mp4,-1,-1,41.5598
6055.mp4,-1,-1,48.9596
771.mp4,-1,-1,74.4267
6033.mp4,-1,-1,26.4691
818.mp4,-1,-1,48.0596
5036.mp4,-1,-1,60.9295
4292.mp4,-1,-1,47.0045
43.mp4,-1,-1,50.5963
5796.mp4,-1,-1,40.3745
4483.mp4,-1,-1,60.4951
3065.mp4,-1,-1,46.6262
4526.mp4,-1,-1,48.336
900.mp4,-1,-1,34.5281
1275.mp4,-1,-1,39.7213
1103.mp4,-1,-1,60.5786
1959.mp4,-1,-1,55.0552
5140.mp4,-1,-1,47.1796
2061.mp4,-1,-1,66.5293
98.mp4,-1,-1,34.1882
5264.mp4,-1,-1,51.8347
1283.mp4,-1,-1,62.0831
3737.mp4,-1,-1,45.4416
5368.mp4,-1,-1,63.1037
3361.mp4,-1,-1,49.615
2288.mp4,-1,-1,56.4439
4780.mp4,-1,-1,57.4266
2771.mp4,-1,-1,62.1706
1633.mp4,-1,-1,16.9181
1157.mp4,-1,-1,45.1023
2266.mp4,-1,-1,34.2477
188.mp4,-1,-1,39.9792
3391.mp4,-1,-1,22.8304
1185.mp4,-1,-1,62.8204
236.mp4,-1,-1,62.3926
1595.mp4,-1,-1,63.5671
145.mp4,-1,-1,48.5104
5239.mp4,-1,-1,51.3856
406.mp4,-1,-1,29.4387
675.mp4,-1,-1,72.5957
4060.mp4,-1,-1,60.204
5757.mp4,-1,-1,58.0698
824.mp4,-1,-1,45.7731
735.mp4,-1,-1,44.9432
4311.mp4,-1,-1,54.0869
3077.mp4,-1,-1,56.2277
265.mp4,-1,-1,54.2946
5603.mp4,-1,-1,47.4154
2866.mp4,-1,-1,49.9889
1278.mp4,-1,-1,63.2092
5871.mp4,-1,-1,60.9046
2084.mp4,-1,-1,58.6416
4044.mp4,-1,-1,55.235
4560.mp4,-1,-1,31.9048
884.mp4,-1,-1,61.8517
1457.mp4,-1,-1,44.9386
1631.mp4,-1,-1,71.3728
1803.mp4,-1,-1,35.7564
3425.mp4,-1,-1,39.3195
5645.mp4,-1,-1,49.9873
6140.mp4,-1,-1,60.9481
2904.mp4,-1,-1,21.8396
4773.mp4,-1,-1,52.0793
2080.mp4,-1,-1,50.8705
1925.mp4,-1,-1,53.7049
2213.mp4,-1,-1,46.4263
2627.mp4,-1,-1,22.122
3865.mp4,-1,-1,44.8693
3896.mp4,-1,-1,64.9225
4938.mp4,-1,-1,49.4688
5689.mp4,-1,-1,49.9001
6122.mp4,-1,-1,43.127
2555.mp4,-1,-1,51.0148
6026.mp4,-1,-1,60.2649
2577.mp4,-1,-1,61.6171
1893.mp4,-1,-1,26.5969
1882.mp4,-1,-1,51.7645
5216.mp4,-1,-1,53.5398
4176.mp4,-1,-1,55.701
6032.mp4,-1,-1,27.3349
1751.mp4,-1,-1,47.7925
5770.mp4,-1,-1,52.1313
3647.mp4,-1,-1,53.0355
3992.mp4,-1,-1,56.1686
629.mp4,-1,-1,55.0883
58.mp4,-1,-1,59.6447
6094.mp4,-1,-1,56.9141
4965.mp4,-1,-1,29.9059
2952.mp4,-1,-1,63.3321
2993.mp4,-1,-1,54.5851
802.mp4,-1,-1,47.5713
3283.mp4,-1,-1,44.5298
334.mp4,-1,-1,37.5015
5864.mp4,-1,-1,70.4038
2614.mp4,-1,-1,51.5666
5837.mp4,-1,-1,56.0266
4822.mp4,-1,-1,53.5446
1112.mp4,-1,-1,69.9803
5884.mp4,-1,-1,51.1258
2449.mp4,-1,-1,56.7594
1113.mp4,-1,-1,50.8204
5841.mp4,-1,-1,44.0327
84.mp4,-1,-1,55.6308
5084.mp4,-1,-1,59.1516
2855.mp4,-1,-1,47.1963
800.mp4,-1,-1,66.3288
1303.mp4,-1,-1,61.1937
4056.mp4,-1,-1,65.4733
2563.mp4,-1,-1,39.0481
3971.mp4,-1,-1,67.506
1856.mp4,-1,-1,71.4426
6183.mp4,-1,-1,67.8772
2807.mp4,-1,-1,62.6373
6084.mp4,-1,-1,43.9536
1122.mp4,-1,-1,66.7242
5033.mp4,-1,-1,48.6918
4850.mp4,-1,-1,51.5035
2112.mp4,-1,-1,47.5164
2067.mp4,-1,-1,60.9604
1829.mp4,-1,-1,70.9205
3094.mp4,-1,-1,59.5074
5415.mp4,-1,-1,40.4682
542.mp4,-1,-1,39.9524
3502.mp4,-1,-1,40.8159
4333.mp4,-1,-1,50.2105
4844.mp4,-1,-1,54.0292
983.mp4,-1,-1,58.1817
4153.mp4,-1,-1,42.5456
6259.mp4,-1,-1,48.6717
5812.mp4,-1,-1,41.3563
4365.mp4,-1,-1,57.8746
646.mp4,-1,-1,52.5898
6185.mp4,-1,-1,14.2024
5303.mp4,-1,-1,59.9253
4642.mp4,-1,-1,43.8284
258.mp4,-1,-1,58.11
5840.mp4,-1,-1,29.1797
3471.mp4,-1,-1,65.2967
3629.mp4,-1,-1,37.9602
2709.mp4,-1,-1,47.8993
4069.mp4,-1,-1,51.684
3743.mp4,-1,-1,60.7356
5173.mp4,-1,-1,63.759
4319.mp4,-1,-1,38.6891
12.mp4,-1,-1,57.9971
4631.mp4,-1,-1,55.434
4001.mp4,-1,-1,34.7992
4524.mp4,-1,-1,37.8597
6215.mp4,-1,-1,74.1108
565.mp4,-1,-1,61.9705
336.mp4,-1,-1,43.3706
2522.mp4,-1,-1,47.2712
230.mp4,-1,-1,43.2476
5254.mp4,-1,-1,50.2029
369.mp4,-1,-1,51.0172
2834.mp4,-1,-1,53.2212
1886.mp4,-1,-1,51.1511
4964.mp4,-1,-1,58.8321
659.mp4,-1,-1,65.666
1996.mp4,-1,-1,74.6983
3636.mp4,-1,-1,47.6961
3633.mp4,-1,-1,36.3227
6264.mp4,-1,-1,40.2665
5190.mp4,-1,-1,66.4704
1928.mp4,-1,-1,26.4077
5747.mp4,-1,-1,46.7798
4251.mp4,-1,-1,56.1719
4525.mp4,-1,-1,52.4463
859.mp4,-1,-1,65.502
4075.mp4,-1,-1,42.2976
3676.mp4,-1,-1,63.3043
3109.mp4,-1,-1,33.7392
438.mp4,-1,-1,66.2099
4754.mp4,-1,-1,49.5861
4847.mp4,-1,-1,51.345
809.mp4,-1,-1,59.8526
104.mp4,-1,-1,59.0264
3952.mp4,-1,-1,27.9335
5311.mp4,-1,-1,53.293
1760.mp4,-1,-1,44.6105
2786.mp4,-1,-1,55.2139
5284.mp4,-1,-1,44.6612
2581.mp4,-1,-1,50.2782
2835.mp4,-1,-1,54.8003
560.mp4,-1,-1,45.9973
5098.mp4,-1,-1,44.5468
5835.mp4,-1,-1,14.7883
2374.mp4,-1,-1,56.6142
5442.mp4,-1,-1,59.9827
1482.mp4,-1,-1,64.0681
338.mp4,-1,-1,51.576
5449.mp4,-1,-1,65.4076
2162.mp4,-1,-1,68.5348
2214.mp4,-1,-1,54.503
971.mp4,-1,-1,60.9781
1800.mp4,-1,-1,58.3541
3607.mp4,-1,-1,44.7269
3681.mp4,-1,-1,58.1024
2932.mp4,-1,-1,61.7239
2081.mp4,-1,-1,58.3667
2643.mp4,-1,-1,39.2421
4790.mp4,-1,-1,47.4378
5891.mp4,-1,-1,29.6082
1668.mp4,-1,-1,43.3267
4796.mp4,-1,-1,66.5193
5847.mp4,-1,-1,56.0871
3770.mp4,-1,-1,46.8926
2848.mp4,-1,-1,44.5056
557.mp4,-1,-1,32.7001
3541.mp4,-1,-1,55.9801
6036.mp4,-1,-1,22.3131
1690.mp4,-1,-1,44.5779
5545.mp4,-1,-1,56.8648
5962.mp4,-1,-1,64.3769
2649.mp4,-1,-1,59.0842
5353.mp4,-1,-1,36.4343
707.mp4,-1,-1,54.8683
4338.mp4,-1,-1,45.0927
4537.mp4,-1,-1,50.6818
5652.mp4,-1,-1,34.198
4254.mp4,-1,-1,45.2579
86.mp4,-1,-1,74.1031
4041.mp4,-1,-1,42.2768
2981.mp4,-1,-1,58.4692
2946.mp4,-1,-1,44.3918
2895.mp4,-1,-1,68.2255
1124.mp4,-1,-1,52.0351
2008.mp4,-1,-1,52.1167
4104.mp4,-1,-1,61.6387
1954.mp4,-1,-1,57.667
737.mp4,-1,-1,31.9479
5640.mp4,-1,-1,31.3536
4779.mp4,-1,-1,46.2984
2001.mp4,-1,-1,40.8811
6269.mp4,-1,-1,45.8543
2851.mp4,-1,-1,41.0653
3774.mp4,-1,-1,59.1311
3856.mp4,-1,-1,44.011
1758.mp4,-1,-1,51.0834
1831.mp4,-1,-1,44.3449
2352.mp4,-1,-1,44.8826
5207.mp4,-1,-1,53.1281
156.mp4,-1,-1,57.4415
3758.mp4,-1,-1,52.6433
533.mp4,-1,-1,41.278
4763.mp4,-1,-1,63.0344
488.mp4,-1,-1,49.7068
1434.mp4,-1,-1,47.2006
4522.mp4,-1,-1,47.7705
1745.mp4,-1,-1,46.2783
1985.mp4,-1,-1,39.3405
6220.mp4,-1,-1,51.149
5598.mp4,-1,-1,52.2439
3377.mp4,-1,-1,44.5769
1032.mp4,-1,-1,65.2223
70.mp4,-1,-1,25.4259
1098.mp4,-1,-1,70.8463
1955.mp4,-1,-1,51.3085
2996.mp4,-1,-1,50.8363
1347.mp4,-1,-1,68.0009
3963.mp4,-1,-1,36.7244
4797.mp4,-1,-1,57.3891
1002.mp4,-1,-1,62.1739
4.mp4,-1,-1,68.1304
2590.mp4,-1,-1,49.8536
2733.mp4,-1,-1,27.8371
4493.mp4,-1,-1,57.4962
5867.mp4,-1,-1,41.2005
696.mp4,-1,-1,24.4841
138.mp4,-1,-1,65.1865
1638.mp4,-1,-1,61.6413
5838.mp4,-1,-1,54.0366
2664.mp4,-1,-1,65.3103
6258.mp4,-1,-1,46.4666
1549.mp4,-1,-1,48.6304
846.mp4,-1,-1,57.8093
3795.mp4,-1,-1,52.3287
3987.mp4,-1,-1,56.6399
4523.mp4,-1,-1,58.5433
3268.mp4,-1,-1,62.7171
2541.mp4,-1,-1,43.3351
5582.mp4,-1,-1,62.1225
2593.mp4,-1,-1,44.9926
1659.mp4,-1,-1,68.0227
2258.mp4,-1,-1,49.9905
1727.mp4,-1,-1,48.3159
303.mp4,-1,-1,45.2268
880.mp4,-1,-1,49.4807
5997.mp4,-1,-1,41.3432
4707.mp4,-1,-1,58.4202
3771.mp4,-1,-1,61.7741
748.mp4,-1,-1,57.6208
2456.mp4,-1,-1,27.6198
5373.mp4,-1,-1,44.842
2447.mp4,-1,-1,55.8087
5648.mp4,-1,-1,41.7298
6051.mp4,-1,-1,60.1065
3238.mp4,-1,-1,42.6739
2573.mp4,-1,-1,66.1188
3974.mp4,-1,-1,39.6775
3566.mp4,-1,-1,31.8695
5375.mp4,-1,-1,37.2462
2372.mp4,-1,-1,57.8655
1615.mp4,-1,-1,31.5703
1327.mp4,-1,-1,50.2924
2802.mp4,-1,-1,61.5246
5470.mp4,-1,-1,55.523
6021.mp4,-1,-1,56.8533
769.mp4,-1,-1,51.7752
5970.mp4,-1,-1,63.0154
1415.mp4,-1,-1,37.7032
4459.mp4,-1,-1,32.6379
4428.mp4,-1,-1,51.297
5541.mp4,-1,-1,62.4719
4002.mp4,-1,-1,66.7605
1176.mp4,-1,-1,51.9562
2935.mp4,-1,-1,55.7912
4048.mp4,-1,-1,41.8274
4272.mp4,-1,-1,17.012
5290.mp4,-1,-1,73.9964
6025.mp4,-1,-1,66.9746
556.mp4,-1,-1,52.3467
2619.mp4,-1,-1,38.0462
5110.mp4,-1,-1,38.6608
3265.mp4,-1,-1,59.7802
4071.mp4,-1,-1,34.4494
2628.mp4,-1,-1,54.8581
5074.mp4,-1,-1,50.5431
2735.mp4,-1,-1,53.4419
1469.mp4,-1,-1,50.6866
1854.mp4,-1,-1,61.8224
2962.mp4,-1,-1,66.4932
2496.mp4,-1,-1,42.8879
1226.mp4,-1,-1,56.1552
1866.mp4,-1,-1,32.6851
29.mp4,-1,-1,47.5118
4125.mp4,-1,-1,56.3183
2876.mp4,-1,-1,53.7082
745.mp4,-1,-1,53.2897
5482.mp4,-1,-1,43.1095
1435.mp4,-1,-1,47.1794
5487.mp4,-1,-1,56.1178
149.mp4,-1,-1,30.8709
3409.mp4,-1,-1,55.8626
2925.mp4,-1,-1,64.4093
4191.mp4,-1,-1,70.6223
3873.mp4,-1,-1,65.2291
2909.mp4,-1,-1,26.4212
3157.mp4,-1,-1,45.275
2546.mp4,-1,-1,60.5692
6073.mp4,-1,-1,53.6016
770.mp4,-1,-1,60.761
4992.mp4,-1,-1,52.6981
641.mp4,-1,-1,59.5481
5224.mp4,-1,-1,55.9002
1863.mp4,-1,-1,48.5182
4230.mp4,-1,-1,59.4159
4432.mp4,-1,-1,31.6884
4787.mp4,-1,-1,44.7062
6172.mp4,-1,-1,59.9357
1821.mp4,-1,-1,51.3739
2318.mp4,-1,-1,64.3935
4470.mp4,-1,-1,58.4261
4638.mp4,-1,-1,53.0541
3402.mp4,-1,-1,28.3883
5715.mp4,-1,-1,41.9442
5583.mp4,-1,-1,68.3402
647.mp4,-1,-1,49.8756
1653.mp4,-1,-1,23.8468
5202.mp4,-1,-1,49.5719
5297.mp4,-1,-1,64.3605
4691.mp4,-1,-1,37.4557
5146.mp4,-1,-1,42.1512
4097.mp4,-1,-1,16.0901
3363.mp4,-1,-1,37.8883
5719.mp4,-1,-1,62.6006
2151.mp4,-1,-1,66.1105
5662.mp4,-1,-1,54.7281
2609.mp4,-1,-1,56.6714
6236.mp4,-1,-1,69.7521
53.mp4,-1,-1,46.8006
5945.mp4,-1,-1,54.4081
3813.mp4,-1,-1,44.6187
1250.mp4,-1,-1,45.5818
433.mp4,-1,-1,46.3079
3331.mp4,-1,-1,44.6027
1723.mp4,-1,-1,54.8619
1519.mp4,-1,-1,53.9612
2747.mp4,-1,-1,51.0342
2922.mp4,-1,-1,28.4269
2058.mp4,-1,-1,52.2729
2898.mp4,-1,-1,62.3605
5129.mp4,-1,-1,46.1983
3127.mp4,-1,-1,38.0585
5902.mp4,-1,-1,55.9624
2701.mp4,-1,-1,31.3137
3237.mp4,-1,-1,16.767
3098.mp4,-1,-1,64.3121
5995.mp4,-1,-1,52.576
5439.mp4,-1,-1,46.456
5045.mp4,-1,-1,53.7556
4252.mp4,-1,-1,59.8014
4208.mp4,-1,-1,56.2309
3554.mp4,-1,-1,63.4581
1286.mp4,-1,-1,59.3897
5783.mp4,-1,-1,51.9783
1290.mp4,-1,-1,50.2299
5950.mp4,-1,-1,67.9251
1262.mp4,-1,-1,51.2787
362.mp4,-1,-1,51.8803
250.mp4,-1,-1,67.5949
3549.mp4,-1,-1,50.7173
2765.mp4,-1,-1,65.7733
2907.mp4,-1,-1,62.3125
4411.mp4,-1,-1,66.4687
4487.mp4,-1,-1,62.0728
2948.mp4,-1,-1,51.2469
377.mp4,-1,-1,38.7352
2905.mp4,-1,-1,55.1693
3906.mp4,-1,-1,38.2963
766.mp4,-1,-1,52.2973
3879.mp4,-1,-1,46.8485
1526.mp4,-1,-1,53.2849
2228.mp4,-1,-1,43.8057
5017.mp4,-1,-1,62.5271
5089.mp4,-1,-1,55.9961
6188.mp4,-1,-1,54.1225
5193.mp4,-1,-1,52.2112
4446.mp4,-1,-1,58.1008
4169.mp4,-1,-1,52.3102
5793.mp4,-1,-1,61.1881
3639.mp4,-1,-1,44.1819
2482.mp4,-1,-1,56.4031
3069.mp4,-1,-1,57.4319
2784.mp4,-1,-1,46.224
1429.mp4,-1,-1,37.2991
2189.mp4,-1,-1,49.7651
3173.mp4,-1,-1,51.4527
1722.mp4,-1,-1,52.2654
2549.mp4,-1,-1,57.3683
790.mp4,-1,-1,64.3737
2636.mp4,-1,-1,54.168
166.mp4,-1,-1,75.7236
6195.mp4,-1,-1,39.4159
582.mp4,-1,-1,41.4951
5218.mp4,-1,-1,57.006
5586.mp4,-1,-1,62.5664
2194.mp4,-1,-1,44.8931
2390.mp4,-1,-1,52.2914
2545.mp4,-1,-1,54.5199
1613.mp4,-1,-1,53.9717
631.mp4,-1,-1,63.807
6014.mp4,-1,-1,31.1894
472.mp4,-1,-1,45.2732
1599.mp4,-1,-1,52.4617
4481.mp4,-1,-1,65.2307
1932.mp4,-1,-1,56.993
2539.mp4,-1,-1,44.6607
2533.mp4,-1,-1,51.1004
5356.mp4,-1,-1,43.6381
2420.mp4,-1,-1,57.3468
2377.mp4,-1,-1,56.1253
6000.mp4,-1,-1,55.8072
1096.mp4,-1,-1,54.4225
2726.mp4,-1,-1,50.4
5767.mp4,-1,-1,57.025
3245.mp4,-1,-1,62.6937
4761.mp4,-1,-1,41.1877
6242.mp4,-1,-1,52.0782
3342.mp4,-1,-1,56.3527
4734.mp4,-1,-1,38.6237
2785.mp4,-1,-1,43.5188
908.mp4,-1,-1,47.6142
5818.mp4,-1,-1,53.8902
4290.mp4,-1,-1,49.9949
3247.mp4,-1,-1,44.5336
3757.mp4,-1,-1,34.6327
2645.mp4,-1,-1,53.69
2930.mp4,-1,-1,56.7785
5914.mp4,-1,-1,63.8165
2700.mp4,-1,-1,46.7059
574.mp4,-1,-1,43.0213
4879.mp4,-1,-1,32.1015
4614.mp4,-1,-1,52.4696
5477.mp4,-1,-1,65.549
5172.mp4,-1,-1,50.7868
2602.mp4,-1,-1,41.3378
785.mp4,-1,-1,50.1341
6234.mp4,-1,-1,58.2644
738.mp4,-1,-1,49.6217
3892.mp4,-1,-1,56.7684
5664.mp4,-1,-1,58.6398
1330.mp4,-1,-1,38.7571
292.mp4,-1,-1,32.2719
5905.mp4,-1,-1,67.2786
3075.mp4,-1,-1,59.8656
2311.mp4,-1,-1,52.0489
2442.mp4,-1,-1,68.5456
78.mp4,-1,-1,55.2772
1578.mp4,-1,-1,24.3852
3970.mp4,-1,-1,67.1859
447.mp4,-1,-1,60.2345
1215.mp4,-1,-1,61.6835
5637.mp4,-1,-1,65.8482
1900.mp4,-1,-1,55.1646
4694.mp4,-1,-1,45.0756
3469.mp4,-1,-1,55.4237
4774.mp4,-1,-1,49.7322
4901.mp4,-1,-1,40.6548
3828.mp4,-1,-1,68.0352
5991.mp4,-1,-1,42.2878
4032.mp4,-1,-1,43.1745
6254.mp4,-1,-1,56.6664
5672.mp4,-1,-1,30.7771
6145.mp4,-1,-1,61.7351
4034.mp4,-1,-1,60.1531
1117.mp4,-1,-1,37.4901
5358.mp4,-1,-1,52.7723
1020.mp4,-1,-1,66.0183
311.mp4,-1,-1,35.2093
3484.mp4,-1,-1,53.0855
5941.mp4,-1,-1,37.1489
5001.mp4,-1,-1,54.7082
3523.mp4,-1,-1,60.0859
3187.mp4,-1,-1,64.3501
4183.mp4,-1,-1,65.4263
2108.mp4,-1,-1,54.8585
3519.mp4,-1,-1,53.9572
1892.mp4,-1,-1,62.0415
1903.mp4,-1,-1,47.8527
3183.mp4,-1,-1,50.0085
3443.mp4,-1,-1,50.614
2032.mp4,-1,-1,50.8946
2466.mp4,-1,-1,59.3618
537.mp4,-1,-1,62.717
4791.mp4,-1,-1,10.0897
3615.mp4,-1,-1,68.075
981.mp4,-1,-1,54.2202
4437.mp4,-1,-1,44.2075
5115.mp4,-1,-1,44.0388
99.mp4,-1,-1,49.4674
4636.mp4,-1,-1,35.2211
4171.mp4,-1,-1,56.1568
4757.mp4,-1,-1,38.1748
2856.mp4,-1,-1,56.3636
955.mp4,-1,-1,54.4551
6219.mp4,-1,-1,65.4541
806.mp4,-1,-1,72.6174
1584.mp4,-1,-1,56.8452
1726.mp4,-1,-1,46.5301
5217.mp4,-1,-1,46.8273
6184.mp4,-1,-1,59.3419
939.mp4,-1,-1,49.9926
3712.mp4,-1,-1,52.7788
1517.mp4,-1,-1,63.793
1212.mp4,-1,-1,53.5152
685.mp4,-1,-1,40.1671
2915.mp4,-1,-1,57.3664
3433.mp4,-1,-1,34.9042
2980.mp4,-1,-1,59.1545
814.mp4,-1,-1,46.7835
2517.mp4,-1,-1,38.476
459.mp4,-1,-1,56.6732
1359.mp4,-1,-1,39.2424
3725.mp4,-1,-1,58.3908
5125.mp4,-1,-1,53.509
1064.mp4,-1,-1,55.4304
1558.mp4,-1,-1,64.3283
3806.mp4,-1,-1,45.7421
91.mp4,-1,-1,27.6365
512.mp4,-1,-1,36.6808
4908.mp4,-1,-1,60.6747
5956.mp4,-1,-1,57.2838
1310.mp4,-1,-1,39.5512
2247.mp4,-1,-1,41.4732
5238.mp4,-1,-1,50.5485
2250.mp4,-1,-1,45.0464
6153.mp4,-1,-1,53.23
2354.mp4,-1,-1,56.1262
2454.mp4,-1,-1,59.5831
3894.mp4,-1,-1,56.8437
5158.mp4,-1,-1,41.1661
5678.mp4,-1,-1,24.981
1750.mp4,-1,-1,49.1086
3010.mp4,-1,-1,25.0197
1737.mp4,-1,-1,35.0388
1338.mp4,-1,-1,70.0635
4900.mp4,-1,-1,61.6685
1358.mp4,-1,-1,60.2908
6066.mp4,-1,-1,46.1974
5381.mp4,-1,-1,58.1082
1293.mp4,-1,-1,58.27
2599.mp4,-1,-1,25.7123
1346.mp4,-1,-1,67.1257
2718.mp4,-1,-1,44.6267
3260.mp4,-1,-1,61.6435
5759.mp4,-1,-1,55.9163
686.mp4,-1,-1,41.4421
4603.mp4,-1,-1,34.8039
351.mp4,-1,-1,50.7004
3625.mp4,-1,-1,51.9695
6159.mp4,-1,-1,48.2317
2321.mp4,-1,-1,37.0914
1869.mp4,-1,-1,30.0579
90.mp4,-1,-1,54.4033
1070.mp4,-1,-1,44.6327
1308.mp4,-1,-1,45.7865
3332.mp4,-1,-1,52.8786
1314.mp4,-1,-1,53.6249
1899.mp4,-1,-1,58.4036
3574.mp4,-1,-1,54.5501
3442.mp4,-1,-1,51.395
2536.mp4,-1,-1,58.2565
1661.mp4,-1,-1,49.5277
3671.mp4,-1,-1,40.9715
3231.mp4,-1,-1,38.1319
2306.mp4,-1,-1,31.6997
4836.mp4,-1,-1,36.969
5752.mp4,-1,-1,55.988
1606.mp4,-1,-1,62.8761
2885.mp4,-1,-1,57.1778
5483.mp4,-1,-1,68.3352
1875.mp4,-1,-1,33.2014
1935.mp4,-1,-1,36.8866
5417.mp4,-1,-1,57.0791
1961.mp4,-1,-1,39.6423
1858.mp4,-1,-1,44.6557
3679.mp4,-1,-1,56.3596
3563.mp4,-1,-1,54.8001
3410.mp4,-1,-1,57.8335
531.mp4,-1,-1,45.6334
4224.mp4,-1,-1,53.8041
3650.mp4,-1,-1,60.9156
1223.mp4,-1,-1,41.1736
626.mp4,-1,-1,24.3634
2751.mp4,-1,-1,57.5252
3497.mp4,-1,-1,51.6606
5057.mp4,-1,-1,53.388
1408.mp4,-1,-1,68.8232
4000.mp4,-1,-1,60.2706
4471.mp4,-1,-1,51.1534
5204.mp4,-1,-1,45.5187
3070.mp4,-1,-1,48.2463
4248.mp4,-1,-1,57.1817
4623.mp4,-1,-1,57.4885
1069.mp4,-1,-1,15.8935
5801.mp4,-1,-1,60.7724
2301.mp4,-1,-1,27.3791
858.mp4,-1,-1,59.9949
6209.mp4,-1,-1,31.9968
1642.mp4,-1,-1,62.1015
5008.mp4,-1,-1,36.6263
5083.mp4,-1,-1,30.7251
6087.mp4,-1,-1,49.209
254.mp4,-1,-1,51.7053
4050.mp4,-1,-1,66.0255
4507.mp4,-1,-1,41.0155
1439.mp4,-1,-1,47.0553
3399.mp4,-1,-1,59.3073
6039.mp4,-1,-1,57.4086
2182.mp4,-1,-1,48.0428
860.mp4,-1,-1,48.4425
110.mp4,-1,-1,41.0052
410.mp4,-1,-1,44.1672
4767.mp4,-1,-1,24.6537
4374.mp4,-1,-1,66.8083
237.mp4,-1,-1,51.2162
3603.mp4,-1,-1,62.5845
4202.mp4,-1,-1,55.1405
1404.mp4,-1,-1,43.9377
2742.mp4,-1,-1,56.3042
2736.mp4,-1,-1,56.8419
130.mp4,-1,-1,43.7588
730.mp4,-1,-1,63.8023
4084.mp4,-1,-1,39.8556
1403.mp4,-1,-1,55.7685
1080.mp4,-1,-1,47.1751
3384.mp4,-1,-1,32.7076
4357.mp4,-1,-1,58.7403
4628.mp4,-1,-1,41.5878
581.mp4,-1,-1,54.0882
4042.mp4,-1,-1,52.1258
3829.mp4,-1,-1,43.8717
1085.mp4,-1,-1,47.6414
2512.mp4,-1,-1,49.4756
4540.mp4,-1,-1,67.981
5250.mp4,-1,-1,61.0842
5695.mp4,-1,-1,63.1272
6201.mp4,-1,-1,35.8106
3522.mp4,-1,-1,50.4121
898.mp4,-1,-1,61.5937
6163.mp4,-1,-1,36.4758
1773.mp4,-1,-1,35.8474
148.mp4,-1,-1,40.0082
1171.mp4,-1,-1,50.2089
2409.mp4,-1,-1,43.0746
2518.mp4,-1,-1,42.7004
6175.mp4,-1,-1,63.4406
3189.mp4,-1,-1,57.6531
5990.mp4,-1,-1,50.3305
3494.mp4,-1,-1,48.4767
5116.mp4,-1,-1,47.7104
129.mp4,-1,-1,38.5824
2206.mp4,-1,-1,48.4539
758.mp4,-1,-1,38.9941
2731.mp4,-1,-1,70.487
4800.mp4,-1,-1,41.0905
4747.mp4,-1,-1,43.6384
4408.mp4,-1,-1,32.8853
2430.mp4,-1,-1,73.5432
2670.mp4,-1,-1,22.9057
3983.mp4,-1,-1,27.7586
5441.mp4,-1,-1,42.4113
592.mp4,-1,-1,46.4867
5014.mp4,-1,-1,58.0233
4685.mp4,-1,-1,53.082
2203.mp4,-1,-1,50.8232
3611.mp4,-1,-1,42.4173
497.mp4,-1,-1,46.8871
2405.mp4,-1,-1,42.377
3116.mp4,-1,-1,62.3494
2111.mp4,-1,-1,34.1012
1094.mp4,-1,-1,52.732
4415.mp4,-1,-1,20.3513
840.mp4,-1,-1,54.8215
1084.mp4,-1,-1,57.1179
4453.mp4,-1,-1,45.219
888.mp4,-1,-1,42.6072
3890.mp4,-1,-1,45.3432
2000.mp4,-1,-1,61.5207
154.mp4,-1,-1,57.0969
2604.mp4,-1,-1,57.4526
3783.mp4,-1,-1,22.114
5706.mp4,-1,-1,28.7728
5740.mp4,-1,-1,55.3328
2984.mp4,-1,-1,59.7305
252.mp4,-1,-1,34.3526
264.mp4,-1,-1,40.8703
4648.mp4,-1,-1,49.0811
4883.mp4,-1,-1,66.4439
2245.mp4,-1,-1,59.6059
5200.mp4,-1,-1,49.2016
1160.mp4,-1,-1,54.6634
1774.mp4,-1,-1,60.3032
21.mp4,-1,-1,47.6916
3585.mp4,-1,-1,28.9896
1063.mp4,-1,-1,41.8268
2947.mp4,-1,-1,30.8024
4452.mp4,-1,-1,43.0849
54.mp4,-1,-1,45.2933
3224.mp4,-1,-1,56.7437
5927.mp4,-1,-1,42.9439
2752.mp4,-1,-1,61.3639
80.mp4,-1,-1,75.9813
4987.mp4,-1,-1,45.0007
3236.mp4,-1,-1,41.4523
1206.mp4,-1,-1,47.2926
5123.mp4,-1,-1,60.2458
463.mp4,-1,-1,47.5608
4999.mp4,-1,-1,31.6426
2538.mp4,-1,-1,60.4568
2042.mp4,-1,-1,53.487
1147.mp4,-1,-1,48.6002
3422.mp4,-1,-1,63.1536
5879.mp4,-1,-1,61.4143
324.mp4,-1,-1,63.6219
1885.mp4,-1,-1,49.3047
1187.mp4,-1,-1,59.7394
5917.mp4,-1,-1,25.3153
4270.mp4,-1,-1,56.9909
1560.mp4,-1,-1,55.1166
3985.mp4,-1,-1,67.4808
356.mp4,-1,-1,37.0679
1555.mp4,-1,-1,70.9957
4026.mp4,-1,-1,59.7471
4022.mp4,-1,-1,24.2395
5457.mp4,-1,-1,46.1121
298.mp4,-1,-1,35.5472
5736.mp4,-1,-1,62.3928
5887.mp4,-1,-1,36.5494
1057.mp4,-1,-1,47.5319
244.mp4,-1,-1,48.0909
2626.mp4,-1,-1,55.5248
382.mp4,-1,-1,40.1498
493.mp4,-1,-1,53.3417
4598.mp4,-1,-1,40.5897
847.mp4,-1,-1,61.0506
2508.mp4,-1,-1,61.2945
6019.mp4,-1,-1,50.8653
2805.mp4,-1,-1,63.2975
4833.mp4,-1,-1,43.5922
2768.mp4,-1,-1,36.4794
6268.mp4,-1,-1,27.3959
1459.mp4,-1,-1,26.4592
3043.mp4,-1,-1,22.131
2792.mp4,-1,-1,66.9754
1259.mp4,-1,-1,50.9349
3385.mp4,-1,-1,67.8146
4736.mp4,-1,-1,44.9588
1908.mp4,-1,-1,56.0192
2323.mp4,-1,-1,37.8547
2127.mp4,-1,-1,64.1722
6115.mp4,-1,-1,38.3704
1833.mp4,-1,-1,27.0088
5278.mp4,-1,-1,63.3269
4320.mp4,-1,-1,44.9556
376.mp4,-1,-1,60.7273
4458.mp4,-1,-1,53.9598
4745.mp4,-1,-1,62.8999
1478.mp4,-1,-1,50.8362
5206.mp4,-1,-1,38.1282
4309.mp4,-1,-1,51.8466
639.mp4,-1,-1,45.2827
2598.mp4,-1,-1,46.8962
1684.mp4,-1,-1,49.7358
5021.mp4,-1,-1,49.9103
789.mp4,-1,-1,74.1343
27.mp4,-1,-1,54.9951
5095.mp4,-1,-1,62.405
2204.mp4,-1,-1,45.7832
3241.mp4,-1,-1,18.6902
2596.mp4,-1,-1,65.8514
6003.mp4,-1,-1,54.6386
3071.mp4,-1,-1,33.3655
1200.mp4,-1,-1,55.1849
779.mp4,-1,-1,59.9016
3323.mp4,-1,-1,52.0654
1557.mp4,-1,-1,69.9238
1871.mp4,-1,-1,59.6158
3701.mp4,-1,-1,58.3814
1986.mp4,-1,-1,59.5042
3649.mp4,-1,-1,44.255
1936.mp4,-1,-1,58.0319
1349.mp4,-1,-1,46.3468
5848.mp4,-1,-1,36.9892
1938.mp4,-1,-1,39.7946
354.mp4,-1,-1,47.3518
358.mp4,-1,-1,52.3474
4542.mp4,-1,-1,50.2987
2013.mp4,-1,-1,52.9639
2148.mp4,-1,-1,61.2364
4086.mp4,-1,-1,42.809
1766.mp4,-1,-1,37.9024
1691.mp4,-1,-1,60.9144
4160.mp4,-1,-1,58.9616
690.mp4,-1,-1,56.8487
2988.mp4,-1,-1,53.325
530.mp4,-1,-1,49.5539
2236.mp4,-1,-1,60.3216
4111.mp4,-1,-1,64.3142
699.mp4,-1,-1,67.3043
1513.mp4,-1,-1,56.8141
5960.mp4,-1,-1,52.2553
2296.mp4,-1,-1,58.4129
4082.mp4,-1,-1,49.5539
5602.mp4,-1,-1,52.0081
2934.mp4,-1,-1,58.8716
2243.mp4,-1,-1,35.0403
1989.mp4,-1,-1,49.8077
975.mp4,-1,-1,25.6768
3516.mp4,-1,-1,46.8683
141.mp4,-1,-1,52.2053
5830.mp4,-1,-1,59.8144
2884.mp4,-1,-1,54.654
5562.mp4,-1,-1,36.7046
2510.mp4,-1,-1,63.8766
4074.mp4,-1,-1,55.4546
1258.mp4,-1,-1,38.7622
1839.mp4,-1,-1,69.8426
1611.mp4,-1,-1,41.5071
35.mp4,-1,-1,39.6239
6123.mp4,-1,-1,61.5278
928.mp4,-1,-1,49.5791
5434.mp4,-1,-1,36.952
2364.mp4,-1,-1,55.157
2009.mp4,-1,-1,50.0186
2368.mp4,-1,-1,55.1437
946.mp4,-1,-1,58.6845
602.mp4,-1,-1,47.1028
5034.mp4,-1,-1,38.7976
5663.mp4,-1,-1,60.3319
363.mp4,-1,-1,39.3502
1647.mp4,-1,-1,37.9218
1236.mp4,-1,-1,31.1725
1850.mp4,-1,-1,66.1559
5737.mp4,-1,-1,11.8198
326.mp4,-1,-1,65.5895
2049.mp4,-1,-1,34.702
1393.mp4,-1,-1,53.3613
248.mp4,-1,-1,39.6317
1879.mp4,-1,-1,61.4125
4580.mp4,-1,-1,64.0421
3476.mp4,-1,-1,34.684
4705.mp4,-1,-1,48.5859
5504.mp4,-1,-1,23.3747
4710.mp4,-1,-1,45.3115
867.mp4,-1,-1,55.4995
5788.mp4,-1,-1,69.8406
4885.mp4,-1,-1,67.3978
2199.mp4,-1,-1,55.4398
3517.mp4,-1,-1,49.2051
3705.mp4,-1,-1,43.6762
3474.mp4,-1,-1,57.6253
2419.mp4,-1,-1,63.9671
1830.mp4,-1,-1,52.663
4566.mp4,-1,-1,68.1949
5630.mp4,-1,-1,51.7826
1427.mp4,-1,-1,60.8153
2244.mp4,-1,-1,50.838
3640.mp4,-1,-1,59.3885
674.mp4,-1,-1,55.9541
496.mp4,-1,-1,31.4106
1930.mp4,-1,-1,60.9213
783.mp4,-1,-1,42.7366
4751.mp4,-1,-1,52.9121
1040.mp4,-1,-1,57.7533
2818.mp4,-1,-1,67.6773
715.mp4,-1,-1,51.0709
1012.mp4,-1,-1,55.4756
3972.mp4,-1,-1,53.2565
5696.mp4,-1,-1,61.1788
374.mp4,-1,-1,64.9669
1213.mp4,-1,-1,58.8417
108.mp4,-1,-1,51.3621
3925.mp4,-1,-1,58.1788
964.mp4,-1,-1,39.2544
3683.mp4,-1,-1,49.251
1588.mp4,-1,-1,52.528
6226.mp4,-1,-1,46.28
4098.mp4,-1,-1,63.1519
2882.mp4,-1,-1,38.6124
2540.mp4,-1,-1,40.9147
2998.mp4,-1,-1,44.9702
6097.mp4,-1,-1,71.6648
3207.mp4,-1,-1,45.5254
2943.mp4,-1,-1,51.7595
253.mp4,-1,-1,55.217
1983.mp4,-1,-1,55.7743
5037.mp4,-1,-1,65.7952
3435.mp4,-1,-1,38.0638
1389.mp4,-1,-1,66.8353
365.mp4,-1,-1,45.6945
842.mp4,-1,-1,61.7577
1180.mp4,-1,-1,59.0297
1129.mp4,-1,-1,63.5444
692.mp4,-1,-1,55.264
2756.mp4,-1,-1,61.2767
4107.mp4,-1,-1,54.0266
2960.mp4,-1,-1,37.347
2977.mp4,-1,-1,53.6979
4136.mp4,-1,-1,57.0169
6174.mp4,-1,-1,46.7542
5285.mp4,-1,-1,36.849
3309.mp4,-1,-1,51.4281
5918.mp4,-1,-1,34.143
6214.mp4,-1,-1,32.4113
5246.mp4,-1,-1,63.6031
1772.mp4,-1,-1,47.9859
3551.mp4,-1,-1,52.9175
4739.mp4,-1,-1,64.6939
904.mp4,-1,-1,60.8323
1999.mp4,-1,-1,47.9582
3714.mp4,-1,-1,65.9786
4865.mp4,-1,-1,50.9492
3150.mp4,-1,-1,60
282.mp4,-1,-1,27.2442
5636.mp4,-1,-1,26.8067
5615.mp4,-1,-1,27.3682
4297.mp4,-1,-1,53.1351
45.mp4,-1,-1,53.6033
5569.mp4,-1,-1,65.6564
3765.mp4,-1,-1,51.2732
614.mp4,-1,-1,54.1778
4039.mp4,-1,-1,43.9576
2378.mp4,-1,-1,66.3199
3581.mp4,-1,-1,50.1485
3275.mp4,-1,-1,42.0466
5503.mp4,-1,-1,70.235
44.mp4,-1,-1,44.4563
3726.mp4,-1,-1,54.2905
5106.mp4,-1,-1,54.7107
5671.mp4,-1,-1,55.5588
2491.mp4,-1,-1,49.599
3715.mp4,-1,-1,54.4325
4243.mp4,-1,-1,56.8002
6127.mp4,-1,-1,59.1411
4322.mp4,-1,-1,40.6064
3468.mp4,-1,-1,64.454
2452.mp4,-1,-1,35.0503
5268.mp4,-1,-1,56.9307
6162.mp4,-1,-1,38.5963
1433.mp4,-1,-1,54.7588
487.mp4,-1,-1,28.5945
331.mp4,-1,-1,61.3622
3535.mp4,-1,-1,47.5167
3181.mp4,-1,-1,37.8365
5606.mp4,-1,-1,54.1275
3404.mp4,-1,-1,54.2328
1146.mp4,-1,-1,32.4062
3651.mp4,-1,-1,61.7406
4994.mp4,-1,-1,58.8669
5693.mp4,-1,-1,64.7471
3612.mp4,-1,-1,70.4576
2528.mp4,-1,-1,36.7957
4072.mp4,-1,-1,54.1933
2385.mp4,-1,-1,62.0652
4304.mp4,-1,-1,58.4783
5626.mp4,-1,-1,67.562
4654.mp4,-1,-1,63.0867
3841.mp4,-1,-1,53.3382
4941.mp4,-1,-1,52.556
6241.mp4,-1,-1,23.4268
4326.mp4,-1,-1,49.0332
4697.mp4,-1,-1,36.2407
5904.mp4,-1,-1,31.4988
3997.mp4,-1,-1,59.0019
1775.mp4,-1,-1,53.0673
2542.mp4,-1,-1,20.6263
5922.mp4,-1,-1,44.517
6.mp4,-1,-1,45.0544
3815.mp4,-1,-1,26.5567
4897.mp4,-1,-1,60.7333
1416.mp4,-1,-1,29.4219
1321.mp4,-1,-1,56.1552
1967.mp4,-1,-1,61.0779
6240.mp4,-1,-1,65.2907
2096.mp4,-1,-1,31.5212
2478.mp4,-1,-1,33.7468
1923.mp4,-1,-1,59.8926
57.mp4,-1,-1,62.8826
5117.mp4,-1,-1,49.8389
5596.mp4,-1,-1,56.9309
1079.mp4,-1,-1,50.2887
2395.mp4,-1,-1,69.6128
6230.mp4,-1,-1,32.945
2257.mp4,-1,-1,49.0455
5406.mp4,-1,-1,41.1148
2380.mp4,-1,-1,19.8961
697.mp4,-1,-1,35.9038
2719.mp4,-1,-1,59.8791
3995.mp4,-1,-1,60.2292
1248.mp4,-1,-1,52.156
1109.mp4,-1,-1,67.8253
3166.mp4,-1,-1,43.5622
5196.mp4,-1,-1,50.3698
2272.mp4,-1,-1,56.912
3489.mp4,-1,-1,62.767
3973.mp4,-1,-1,52.2854
3171.mp4,-1,-1,58.2525
4012.mp4,-1,-1,63.6767
778.mp4,-1,-1,55.6932
3096.mp4,-1,-1,42.3393
3335.mp4,-1,-1,32.9454
5412.mp4,-1,-1,72.4666
1322.mp4,-1,-1,67.7111
2685.mp4,-1,-1,59.1589
1571.mp4,-1,-1,17.1472
4815.mp4,-1,-1,53.7957
1546.mp4,-1,-1,55.6863
4439.mp4,-1,-1,49.4888
327.mp4,-1,-1,41.1983
1670.mp4,-1,-1,64.2591
309.mp4,-1,-1,62.2638
999.mp4,-1,-1,68.1918
1031.mp4,-1,-1,63.9713
186.mp4,-1,-1,56.8549
79.mp4,-1,-1,64.2236
784.mp4,-1,-1,61.5618
1165.mp4,-1,-1,29.7549
4040.mp4,-1,-1,49.9402
3194.mp4,-1,-1,60.693
2734.mp4,-1,-1,64.4087
5187.mp4,-1,-1,50.2628
2995.mp4,-1,-1,40.063
4658.mp4,-1,-1,53.898
6096.mp4,-1,-1,48.5814
2827.mp4,-1,-1,47.0774
3360.mp4,-1,-1,56.0393
1622.mp4,-1,-1,70.2867
5621.mp4,-1,-1,55.5057
2746.mp4,-1,-1,50.1468
1130.mp4,-1,-1,51.3082
2443.mp4,-1,-1,27.6867
3055.mp4,-1,-1,42.5201
4659.mp4,-1,-1,24.7032
1137.mp4,-1,-1,35.0479
4945.mp4,-1,-1,45.5416
2393.mp4,-1,-1,54.5463
5317.mp4,-1,-1,54.504
1254.mp4,-1,-1,51.7249
2621.mp4,-1,-1,61.1612
4253.mp4,-1,-1,28.1081
1824.mp4,-1,-1,31.2602
3623.mp4,-1,-1,36.2142
548.mp4,-1,-1,58.1331
2838.mp4,-1,-1,53.3053
5383.mp4,-1,-1,42.1623
3805.mp4,-1,-1,50.8749
612.mp4,-1,-1,52.7434
645.mp4,-1,-1,45.6746
3387.mp4,-1,-1,49.2151
2854.mp4,-1,-1,32.4499
541.mp4,-1,-1,62.5272
2721.mp4,-1,-1,57.7669
1123.mp4,-1,-1,62.6363
389.mp4,-1,-1,31.326
2427.mp4,-1,-1,54.0483
6224.mp4,-1,-1,46.6544
3834.mp4,-1,-1,64.2981
2070.mp4,-1,-1,60.1034
2394.mp4,-1,-1,51.0786
5156.mp4,-1,-1,59.9819
1702.mp4,-1,-1,58.4027
2672.mp4,-1,-1,62.6113
3350.mp4,-1,-1,51.4882
2158.mp4,-1,-1,53.6066
2026.mp4,-1,-1,50.7851
726.mp4,-1,-1,74.8335
5859.mp4,-1,-1,57.54
5144.mp4,-1,-1,55.5087
4121.mp4,-1,-1,52.1415
5608.mp4,-1,-1,60.8172
3008.mp4,-1,-1,66.4226
3722.mp4,-1,-1,66.8002
3626.mp4,-1,-1,69.1432
4680.mp4,-1,-1,25.4507
2024.mp4,-1,-1,59.2261
5750.mp4,-1,-1,62.5571
3702.mp4,-1,-1,57.7322
2810.mp4,-1,-1,24.2826
2963.mp4,-1,-1,58.8977
825.mp4,-1,-1,47.452
494.mp4,-1,-1,62.1749
4492.mp4,-1,-1,51.1109
704.mp4,-1,-1,61.1855
3936.mp4,-1,-1,25.3039
4858.mp4,-1,-1,54.432
984.mp4,-1,-1,40.3833
1115.mp4,-1,-1,49.1804
3450.mp4,-1,-1,43.1446
5534.mp4,-1,-1,59.1479
1072.mp4,-1,-1,55.8332
296.mp4,-1,-1,28.8947
5797.mp4,-1,-1,63.471
5064.mp4,-1,-1,44.8331
189.mp4,-1,-1,45.8136
5850.mp4,-1,-1,64.4547
5732.mp4,-1,-1,52.3983
2440.mp4,-1,-1,48.155
3457.mp4,-1,-1,47.0873
5855.mp4,-1,-1,67.6663
4837.mp4,-1,-1,54.6838
5335.mp4,-1,-1,58.0306
4575.mp4,-1,-1,57.4416
5495.mp4,-1,-1,56.5395
2769.mp4,-1,-1,34.0189
887.mp4,-1,-1,22.8862
5498.mp4,-1,-1,68.6319
1127.mp4,-1,-1,45.5592
2045.mp4,-1,-1,46.073
1756.mp4,-1,-1,53.0892
2255.mp4,-1,-1,55.4314
763.mp4,-1,-1,31.9316
2088.mp4,-1,-1,48.3869
3570.mp4,-1,-1,69.636
4234.mp4,-1,-1,48.9759
1120.mp4,-1,-1,64.9488
3368.mp4,-1,-1,57.279
3964.mp4,-1,-1,41.1973
3962.mp4,-1,-1,64.9773
4043.mp4,-1,-1,51.0277
2268.mp4,-1,-1,57.4695
4781.mp4,-1,-1,58.424
4420.mp4,-1,-1,15.9707
1732.mp4,-1,-1,64.0081
1381.mp4,-1,-1,52.8089
5985.mp4,-1,-1,56.2462
2667.mp4,-1,-1,58.2057
4514.mp4,-1,-1,61.9476
5886.mp4,-1,-1,48.9514
3169.mp4,-1,-1,65.0669
3282.mp4,-1,-1,45.1816
5762.mp4,-1,-1,58.5124
4978.mp4,-1,-1,31.4763
732.mp4,-1,-1,50.7882
139.mp4,-1,-1,60.4216
3853.mp4,-1,-1,54.3228
6113.mp4,-1,-1,21.3542
5629.mp4,-1,-1,45.5305
3885.mp4,-1,-1,45.4049
3346.mp4,-1,-1,43.5267
1734.mp4,-1,-1,45.3098
1581.mp4,-1,-1,50.5605
2896.mp4,-1,-1,49.7888
2334.mp4,-1,-1,59.2454
1844.mp4,-1,-1,41.1627
4359.mp4,-1,-1,68.3369
782.mp4,-1,-1,42.7369
2383.mp4,-1,-1,48.9328
5143.mp4,-1,-1,43.9974
2558.mp4,-1,-1,61.2388
3211.mp4,-1,-1,52.3389
1370.mp4,-1,-1,45.8862
3110.mp4,-1,-1,52.6743
2212.mp4,-1,-1,46.6092
4521.mp4,-1,-1,54.6618
4332.mp4,-1,-1,53.6971
1621.mp4,-1,-1,67.3444
5764.mp4,-1,-1,38.483
2773.mp4,-1,-1,73.6943
5493.mp4,-1,-1,37.6295
4644.mp4,-1,-1,40.1678
3.mp4,-1,-1,52.1021
61.mp4,-1,-1,60.5785
1341.mp4,-1,-1,57.4771
6117.mp4,-1,-1,56.0817
4397.mp4,-1,-1,50.8961
2582.mp4,-1,-1,47.2302
1778.mp4,-1,-1,58.4464
5315.mp4,-1,-1,67.4999
1220.mp4,-1,-1,51.4771
105.mp4,-1,-1,72.5853
2357.mp4,-1,-1,47.3344
6101.mp4,-1,-1,46.6105
3895.mp4,-1,-1,50.8684
1864.mp4,-1,-1,63.4401
4647.mp4,-1,-1,47.7015
1679.mp4,-1,-1,17.1444
2254.mp4,-1,-1,32.45
2218.mp4,-1,-1,61.5784
4830.mp4,-1,-1,56.8913
3159.mp4,-1,-1,63.8454
817.mp4,-1,-1,39.1764
5766.mp4,-1,-1,36.1672
5521.mp4,-1,-1,54.2615
1413.mp4,-1,-1,66.0643
620.mp4,-1,-1,56.0623
4868.mp4,-1,-1,40.5554
3568.mp4,-1,-1,43.5359
3208.mp4,-1,-1,66.6216
1397.mp4,-1,-1,52.5849
2142.mp4,-1,-1,52.011
3832.mp4,-1,-1,57.7235
4692.mp4,-1,-1,57.0954
4715.mp4,-1,-1,46.5563
3537.mp4,-1,-1,50.816
3729.mp4,-1,-1,38.0562
1811.mp4,-1,-1,58.0685
2102.mp4,-1,-1,54.3879
589.mp4,-1,-1,57.2774
1230.mp4,-1,-1,39.8595
3686.mp4,-1,-1,45.8704
1311.mp4,-1,-1,60.6421
1678.mp4,-1,-1,47.7968
4820.mp4,-1,-1,45.1758
5571.mp4,-1,-1,64.801
5128.mp4,-1,-1,63.4488
2910.mp4,-1,-1,61.0198
3692.mp4,-1,-1,56.0762
1630.mp4,-1,-1,45.8129
2062.mp4,-1,-1,28.3675
483.mp4,-1,-1,58.755
4377.mp4,-1,-1,44.9189
2041.mp4,-1,-1,58.5916
2093.mp4,-1,-1,59.4119
1105.mp4,-1,-1,47.1936
1792.mp4,-1,-1,36.6544
5778.mp4,-1,-1,35.0338
3662.mp4,-1,-1,58.477
278.mp4,-1,-1,54.3178
4448.mp4,-1,-1,43.7583
4023.mp4,-1,-1,57.4706
5151.mp4,-1,-1,27.0522
499.mp4,-1,-1,49.6014
6262.mp4,-1,-1,51.559
753.mp4,-1,-1,68.089
5907.mp4,-1,-1,60.5999
728.mp4,-1,-1,44.1293
82.mp4,-1,-1,55.349
3337.mp4,-1,-1,53.8523
161.mp4,-1,-1,40.9972
394.mp4,-1,-1,66.6023
2207.mp4,-1,-1,42.8345
4601.mp4,-1,-1,51.7323
5617.mp4,-1,-1,61.1665
4856.mp4,-1,-1,55.7391
2892.mp4,-1,-1,58.2402
3872.mp4,-1,-1,63.7585
5507.mp4,-1,-1,52.7623
4771.mp4,-1,-1,50.7596
2755.mp4,-1,-1,48.3178
4354.mp4,-1,-1,43.512
5030.mp4,-1,-1,53.666
5670.mp4,-1,-1,47.217
289.mp4,-1,-1,59.5053
2055.mp4,-1,-1,28.4157
1852.mp4,-1,-1,64.3707
3744.mp4,-1,-1,61.3079
5536.mp4,-1,-1,63.6644
2261.mp4,-1,-1,24.0506
5261.mp4,-1,-1,28.0631
2262.mp4,-1,-1,21.2356
4892.mp4,-1,-1,50.8304
5087.mp4,-1,-1,51.1451
5435.mp4,-1,-1,67.3029
6004.mp4,-1,-1,38.9763
1749.mp4,-1,-1,63.4593
5223.mp4,-1,-1,44.6346
4447.mp4,-1,-1,60.1019
2911.mp4,-1,-1,36.05
2595.mp4,-1,-1,61.7324
3736.mp4,-1,-1,53.5223
1689.mp4,-1,-1,36.5232
1102.mp4,-1,-1,44.2933
2435.mp4,-1,-1,34.1653
3961.mp4,-1,-1,63.5136
585.mp4,-1,-1,46.4715
1980.mp4,-1,-1,51.1323
5870.mp4,-1,-1,34.8561
1388.mp4,-1,-1,61.7107
3445.mp4,-1,-1,63.6523
4891.mp4,-1,-1,55.2252
1787.mp4,-1,-1,56.0484
1329.mp4,-1,-1,57.0127
4959.mp4,-1,-1,57.7971
3877.mp4,-1,-1,50.316
1225.mp4,-1,-1,47.6187
3459.mp4,-1,-1,46.5516
4810.mp4,-1,-1,63.122
6212.mp4,-1,-1,37.6726
2299.mp4,-1,-1,42.0223
2532.mp4,-1,-1,68.9869
165.mp4,-1,-1,43.9365
5803.mp4,-1,-1,28.1405
2844.mp4,-1,-1,64.557
3185.mp4,-1,-1,34.314
3017.mp4,-1,-1,45.0357
3253.mp4,-1,-1,57.3048
1988.mp4,-1,-1,63.628
3902.mp4,-1,-1,29.3575
1819.mp4,-1,-1,71.4711
1022.mp4,-1,-1,47.0404
3074.mp4,-1,-1,33.3066
5522.mp4,-1,-1,45.1517
5401.mp4,-1,-1,38.9927
455.mp4,-1,-1,55.0648
3059.mp4,-1,-1,57.6817
2938.mp4,-1,-1,54.3076
5142.mp4,-1,-1,52.755
3118.mp4,-1,-1,49.3002
953.mp4,-1,-1,39.2264
6250.mp4,-1,-1,53.1462
1357.mp4,-1,-1,48.8677
4531.mp4,-1,-1,51.0128
3825.mp4,-1,-1,23.121
2155.mp4,-1,-1,54.0647
3740.mp4,-1,-1,25.6387
1253.mp4,-1,-1,38.7373
5153.mp4,-1,-1,59.8968
2979.mp4,-1,-1,44.6035
2284.mp4,-1,-1,44.0464
2620.mp4,-1,-1,56.1308
2179.mp4,-1,-1,53.6949
1245.mp4,-1,-1,51.187
1776.mp4,-1,-1,49.0502
3509.mp4,-1,-1,39.7521
5127.mp4,-1,-1,58.1825
4896.mp4,-1,-1,59.9808
2332.mp4,-1,-1,42.8584
1090.mp4,-1,-1,36.4863
5772.mp4,-1,-1,46.2456
4339.mp4,-1,-1,52.3407
4312.mp4,-1,-1,61.8033
1695.mp4,-1,-1,44.1817
905.mp4,-1,-1,58.419
959.mp4,-1,-1,54.0808
1705.mp4,-1,-1,12.71
536.mp4,-1,-1,65.7772
3826.mp4,-1,-1,56.6123
3984.mp4,-1,-1,60.487
2830.mp4,-1,-1,38.6036
5558.mp4,-1,-1,43.0928
6023.mp4,-1,-1,38.7854
4870.mp4,-1,-1,60.7696
864.mp4,-1,-1,51.2396
1422.mp4,-1,-1,51.6778
3490.mp4,-1,-1,55.1502
1651.mp4,-1,-1,40.9492
271.mp4,-1,-1,51.2867
3616.mp4,-1,-1,30.2697
4665.mp4,-1,-1,33.9591
2675.mp4,-1,-1,23.7878
3263.mp4,-1,-1,38.3714
1436.mp4,-1,-1,40.6464
4792.mp4,-1,-1,51.8051
5213.mp4,-1,-1,58.816
2426.mp4,-1,-1,64.8412
4092.mp4,-1,-1,55.3903
932.mp4,-1,-1,55.0582
3193.mp4,-1,-1,43.9403
2967.mp4,-1,-1,33.293
4764.mp4,-1,-1,46.5258
521.mp4,-1,-1,47.5511
4681.mp4,-1,-1,40.8268
5491.mp4,-1,-1,56.05
1992.mp4,-1,-1,27.5276
4588.mp4,-1,-1,41.1667
5734.mp4,-1,-1,74.8385
171.mp4,-1,-1,33.3029
6028.mp4,-1,-1,60.4851
1088.mp4,-1,-1,47.2498
5506.mp4,-1,-1,42.3046
2902.mp4,-1,-1,64.5346
4769.mp4,-1,-1,57.7598
3698.mp4,-1,-1,56.4208
1247.mp4,-1,-1,50.2416
3670.mp4,-1,-1,45.3267
3298.mp4,-1,-1,45.6619
5711.mp4,-1,-1,38.0085
2487.mp4,-1,-1,46.3204
838.mp4,-1,-1,54.3838
3862.mp4,-1,-1,56.0599
1409.mp4,-1,-1,59.3463
3536.mp4,-1,-1,51.0513
2298.mp4,-1,-1,47.969
5103.mp4,-1,-1,18.6133
3567.mp4,-1,-1,70.7446
5749.mp4,-1,-1,58.1654
3341.mp4,-1,-1,65.2141
1424.mp4,-1,-1,55.394
6180.mp4,-1,-1,53.9301
42.mp4,-1,-1,49.5273
5981.mp4,-1,-1,53.6451
6143.mp4,-1,-1,66.9286
1352.mp4,-1,-1,55.488
1304.mp4,-1,-1,34.4445
4611.mp4,-1,-1,48.5492
430.mp4,-1,-1,60.553
1279.mp4,-1,-1,32.6557
2461.mp4,-1,-1,57.2176
1071.mp4,-1,-1,57.2689
2787.mp4,-1,-1,38.6183
4300.mp4,-1,-1,38.1177
5296.mp4,-1,-1,43.8873
680.mp4,-1,-1,43.8444
5745.mp4,-1,-1,41.657
5232.mp4,-1,-1,44.1531
1288.mp4,-1,-1,60.7545
3796.mp4,-1,-1,54.8611
3562.mp4,-1,-1,58.3559
2073.mp4,-1,-1,40.9859
4581.mp4,-1,-1,47.2028
671.mp4,-1,-1,56.779
1076.mp4,-1,-1,48.0691
246.mp4,-1,-1,31.8423
4204.mp4,-1,-1,67.9354
4721.mp4,-1,-1,26.253
6018.mp4,-1,-1,29.822
1704.mp4,-1,-1,57.8184
5194.mp4,-1,-1,52.3928
2691.mp4,-1,-1,56.0374
5572.mp4,-1,-1,57.6618
830.mp4,-1,-1,55.7838
2899.mp4,-1,-1,59.2271
4608.mp4,-1,-1,54.89
3328.mp4,-1,-1,35.854
2149.mp4,-1,-1,37.9374
4140.mp4,-1,-1,39.7407
2738.mp4,-1,-1,57.6565
1997.mp4,-1,-1,65.9231
2406.mp4,-1,-1,59.9113
6100.mp4,-1,-1,43.1858
3863.mp4,-1,-1,59.192
5023.mp4,-1,-1,39.4232
1644.mp4,-1,-1,48.1343
3144.mp4,-1,-1,67.1379
221.mp4,-1,-1,64.2404
5448.mp4,-1,-1,65.9576
2808.mp4,-1,-1,64.3908
3544.mp4,-1,-1,47.9917
3088.mp4,-1,-1,54.934
630.mp4,-1,-1,61.596
3315.mp4,-1,-1,61.2536
5496.mp4,-1,-1,36.9683
2319.mp4,-1,-1,49.912
3079.mp4,-1,-1,50.0974
2360.mp4,-1,-1,61.7054
92.mp4,-1,-1,39.5664
4361.mp4,-1,-1,50.6121
5071.mp4,-1,-1,50.8214
3788.mp4,-1,-1,52.521
5944.mp4,-1,-1,29.2443
2484.mp4,-1,-1,45.9138
3365.mp4,-1,-1,54.7154
227.mp4,-1,-1,61.7585
5983.mp4,-1,-1,68.3097
485.mp4,-1,-1,54.4889
4911.mp4,-1,-1,48.7557
4360.mp4,-1,-1,44.566
5883.mp4,-1,-1,73.2969
5167.mp4,-1,-1,15.3366
1099.mp4,-1,-1,49.022
1767.mp4,-1,-1,44.9914
5042.mp4,-1,-1,41.1728
3140.mp4,-1,-1,51.6402
2191.mp4,-1,-1,56.8922
5043.mp4,-1,-1,44.5905
1261.mp4,-1,-1,38.4473
97.mp4,-1,-1,74.6592
5266.mp4,-1,-1,28.6498
3654.mp4,-1,-1,57.2457
3861.mp4,-1,-1,33.9417
3320.mp4,-1,-1,51.6567
4434.mp4,-1,-1,56.7363
2717.mp4,-1,-1,53.7516
2868.mp4,-1,-1,33.3353
1324.mp4,-1,-1,48.4632
1126.mp4,-1,-1,26.6941
5189.mp4,-1,-1,32.0853
970.mp4,-1,-1,42.8073
5076.mp4,-1,-1,55.7258
2367.mp4,-1,-1,55.9377
2312.mp4,-1,-1,50.8434
3106.mp4,-1,-1,45.8109
826.mp4,-1,-1,24.254
4455.mp4,-1,-1,65.9743
231.mp4,-1,-1,44.2904
3989.mp4,-1,-1,44.0043
1190.mp4,-1,-1,51.277
1014.mp4,-1,-1,50.1757
4627.mp4,-1,-1,63.6844
1656.mp4,-1,-1,64.1418
4903.mp4,-1,-1,53.8413
2302.mp4,-1,-1,57.1311
3156.mp4,-1,-1,52.4703
5519.mp4,-1,-1,60.2281
2959.mp4,-1,-1,64.0503
3638.mp4,-1,-1,42.6321
4722.mp4,-1,-1,41.1596
2694.mp4,-1,-1,67.7699
1052.mp4,-1,-1,50.8205
3644.mp4,-1,-1,33.8746
4242.mp4,-1,-1,67.5553
3521.mp4,-1,-1,64.2562
713.mp4,-1,-1,20.0752
3532.mp4,-1,-1,59.9591
1681.mp4,-1,-1,43.263
5987.mp4,-1,-1,61.9397
5059.mp4,-1,-1,42.9144
2313.mp4,-1,-1,50.5298
5925.mp4,-1,-1,46.2924
5179.mp4,-1,-1,47.7457
1257.mp4,-1,-1,50.2334
3646.mp4,-1,-1,57.4016
3656.mp4,-1,-1,44.5085
4616.mp4,-1,-1,48.6405
2564.mp4,-1,-1,28.699
5710.mp4,-1,-1,40.7574
3876.mp4,-1,-1,31.7096
4785.mp4,-1,-1,55.8563
3642.mp4,-1,-1,47.7561
1097.mp4,-1,-1,58.6552
5866.mp4,-1,-1,57.8905
5346.mp4,-1,-1,60.0914
2230.mp4,-1,-1,55.5578
3787.mp4,-1,-1,54.4887
3820.mp4,-1,-1,63.2086
2725.mp4,-1,-1,42.1879
5929.mp4,-1,-1,63.2604
3050.mp4,-1,-1,34.6957
6104.mp4,-1,-1,41.6135
3927.mp4,-1,-1,63.0098
3584.mp4,-1,-1,56.9392
5339.mp4,-1,-1,39.9878
2337.mp4,-1,-1,44.821
335.mp4,-1,-1,48.535
5682.mp4,-1,-1,41.631
5164.mp4,-1,-1,61.2304
1649.mp4,-1,-1,45.8934
924.mp4,-1,-1,44.4641
5332.mp4,-1,-1,42.1314
1167.mp4,-1,-1,29.9568
5359.mp4,-1,-1,32.421
5010.mp4,-1,-1,69.6441
1198.mp4,-1,-1,62.1213
196.mp4,-1,-1,45.8096
5210.mp4,-1,-1,41.0139
2659.mp4,-1,-1,29.8316
4801.mp4,-1,-1,44.0957
978.mp4,-1,-1,44.9295
5431.mp4,-1,-1,51.4878
1692.mp4,-1,-1,43.9593
283.mp4,-1,-1,43.5252
912.mp4,-1,-1,42.894
1896.mp4,-1,-1,27.8913
2864.mp4,-1,-1,77.0408
5257.mp4,-1,-1,47.541
1375.mp4,-1,-1,44.5262
4552.mp4,-1,-1,56.7726
5159.mp4,-1,-1,45.5205
5550.mp4,-1,-1,29.7308
576.mp4,-1,-1,53.828
5197.mp4,-1,-1,49.8326
4018.mp4,-1,-1,43.2614
118.mp4,-1,-1,14.9117
3898.mp4,-1,-1,52.2887
6149.mp4,-1,-1,72.6615
72.mp4,-1,-1,45.9364
5131.mp4,-1,-1,44.959
551.mp4,-1,-1,55.3619
373.mp4,-1,-1,28.2872
4639.mp4,-1,-1,51.4089
5486.mp4,-1,-1,23.1353
2188.mp4,-1,-1,36.9792
3213.mp4,-1,-1,41.9126
96.mp4,-1,-1,50.1894
1847.mp4,-1,-1,69.3942
2633.mp4,-1,-1,40.4799
6081.mp4,-1,-1,38.2413
1666.mp4,-1,-1,35.6346
3753.mp4,-1,-1,51.9049
3959.mp4,-1,-1,45.0971
1053.mp4,-1,-1,60.1979
3234.mp4,-1,-1,45.9842
5731.mp4,-1,-1,35.5194
368.mp4,-1,-1,40.9601
256.mp4,-1,-1,31.2524
5896.mp4,-1,-1,58.9704
3030.mp4,-1,-1,27.2716
5186.mp4,-1,-1,42.5035
241.mp4,-1,-1,71.8843
1452.mp4,-1,-1,30.8321
257.mp4,-1,-1,47.6325
4037.mp4,-1,-1,44.576
4841.mp4,-1,-1,60.2843
695.mp4,-1,-1,46.4396
2515.mp4,-1,-1,49.0518
1164.mp4,-1,-1,8.24392
2916.mp4,-1,-1,37.1591
2824.mp4,-1,-1,44.2301
3364.mp4,-1,-1,59.2536
883.mp4,-1,-1,64.1741
4826.mp4,-1,-1,60.7131
761.mp4,-1,-1,54.4222
4288.mp4,-1,-1,54.5452
5948.mp4,-1,-1,62.3615
4148.mp4,-1,-1,38.2024
987.mp4,-1,-1,48.4469
4187.mp4,-1,-1,54.5593
294.mp4,-1,-1,28.7359
5423.mp4,-1,-1,18.3982
2249.mp4,-1,-1,39.5464
4954.mp4,-1,-1,54.2849
891.mp4,-1,-1,56.0414
4807.mp4,-1,-1,60.9896
269.mp4,-1,-1,54.1833
6043.mp4,-1,-1,45.0289
5077.mp4,-1,-1,59.7057
2550.mp4,-1,-1,57.1527
1010.mp4,-1,-1,57.0366
5741.mp4,-1,-1,64.352
3816.mp4,-1,-1,23.6145
4090.mp4,-1,-1,54.6706
1909.mp4,-1,-1,64.7229
1222.mp4,-1,-1,57.6706
4607.mp4,-1,-1,52.5148
922.mp4,-1,-1,41.0094
750.mp4,-1,-1,41.2523
2131.mp4,-1,-1,50.0308
418.mp4,-1,-1,60.0749
5574.mp4,-1,-1,61.2369
2168.mp4,-1,-1,55.6602
972.mp4,-1,-1,44.6331
4675.mp4,-1,-1,33.4792
4164.mp4,-1,-1,37.1125
1246.mp4,-1,-1,48.3506
4166.mp4,-1,-1,48.7107
936.mp4,-1,-1,24.4162
6196.mp4,-1,-1,31.7511
482.mp4,-1,-1,42.611
2059.mp4,-1,-1,59.3952
1331.mp4,-1,-1,50.4157
402.mp4,-1,-1,49.8411
4508.mp4,-1,-1,56.3975
2035.mp4,-1,-1,48.6084
2300.mp4,-1,-1,64.0928
1128.mp4,-1,-1,51.0875
473.mp4,-1,-1,49.3739
2105.mp4,-1,-1,74.0546
855.mp4,-1,-1,37.0628
5165.mp4,-1,-1,33.9636
411.mp4,-1,-1,59.8954
1274.mp4,-1,-1,44.5889
5753.mp4,-1,-1,57.829
2100.mp4,-1,-1,50.8563
2022.mp4,-1,-1,64.1531
4669.mp4,-1,-1,61.9824
1139.mp4,-1,-1,39.9913
2692.mp4,-1,-1,58.7811
5391.mp4,-1,-1,38.5819
3347.mp4,-1,-1,55.0294
870.mp4,-1,-1,25.7802
923.mp4,-1,-1,49.7041
5814.mp4,-1,-1,52.9818
3998.mp4,-1,-1,64.9094
712.mp4,-1,-1,60.9988
2384.mp4,-1,-1,54.6498
2287.mp4,-1,-1,64.9344
3130.mp4,-1,-1,45.4389
5407.mp4,-1,-1,41.8165
3850.mp4,-1,-1,69.6288
2309.mp4,-1,-1,61.5202
4530.mp4,-1,-1,44.2438
5658.mp4,-1,-1,48.1424
663.mp4,-1,-1,62.417
4235.mp4,-1,-1,57.1962
259.mp4,-1,-1,55.9752
5428.mp4,-1,-1,50.4896
3883.mp4,-1,-1,41.2148
2812.mp4,-1,-1,51.0697
4495.mp4,-1,-1,58.2772
352.mp4,-1,-1,46.227
4993.mp4,-1,-1,46.2811
5426.mp4,-1,-1,54.1048
5622.mp4,-1,-1,34.1071
3601.mp4,-1,-1,47.1143
1145.mp4,-1,-1,65.0033
3652.mp4,-1,-1,59.1098
2379.mp4,-1,-1,74.5534
5915.mp4,-1,-1,38.2582
3784.mp4,-1,-1,50.4091
5099.mp4,-1,-1,35.983
4005.mp4,-1,-1,61.8286
1361.mp4,-1,-1,47.8518
5965.mp4,-1,-1,43.7063
3920.mp4,-1,-1,50.6562
4553.mp4,-1,-1,58.2671
853.mp4,-1,-1,49.9671
601.mp4,-1,-1,62.8779
997.mp4,-1,-1,61.5156
2122.mp4,-1,-1,38.3877
2038.mp4,-1,-1,50.2167
805.mp4,-1,-1,34.3601
4318.mp4,-1,-1,54.1661
3999.mp4,-1,-1,38.1447
450.mp4,-1,-1,40.9384
2569.mp4,-1,-1,30.7375
5263.mp4,-1,-1,61.5953
2695.mp4,-1,-1,38.9237
203.mp4,-1,-1,57.9196
1806.mp4,-1,-1,64.6104
5798.mp4,-1,-1,59.1832
2754.mp4,-1,-1,55.4694
2402.mp4,-1,-1,46.009
5839.mp4,-1,-1,51.0769
5039.mp4,-1,-1,50.9807
5188.mp4,-1,-1,58.706
1952.mp4,-1,-1,39.964
1765.mp4,-1,-1,32.0689
5873.mp4,-1,-1,52.6519
5416.mp4,-1,-1,41.121
13.mp4,-1,-1,65.424
816.mp4,-1,-1,59.3229
114.mp4,-1,-1,33.7794
4640.mp4,-1,-1,56.4555
3064.mp4,-1,-1,47.6363
4473.mp4,-1,-1,40.4376
1297.mp4,-1,-1,40.7473
3969.mp4,-1,-1,44.0196
1273.mp4,-1,-1,42.9183
694.mp4,-1,-1,52.9091
5588.mp4,-1,-1,52.1155
267.mp4,-1,-1,62.3976
2853.mp4,-1,-1,37.3018
5856.mp4,-1,-1,56.8385
3556.mp4,-1,-1,53.9965
3703.mp4,-1,-1,50.7508
465.mp4,-1,-1,53.934
3158.mp4,-1,-1,57.6554
752.mp4,-1,-1,50.3657
5829.mp4,-1,-1,51.5647
454.mp4,-1,-1,64.5345
4059.mp4,-1,-1,56.6241
746.mp4,-1,-1,54.1444
6099.mp4,-1,-1,60.4597
1214.mp4,-1,-1,10.016
52.mp4,-1,-1,63.378
3881.mp4,-1,-1,40.742
5026.mp4,-1,-1,58.4696
4730.mp4,-1,-1,50.9116
2841.mp4,-1,-1,58.0368
5776.mp4,-1,-1,14.8681
3326.mp4,-1,-1,60.4241
2832.mp4,-1,-1,36.9556
698.mp4,-1,-1,50.7298
2704.mp4,-1,-1,46.6742
4398.mp4,-1,-1,73.5134
5445.mp4,-1,-1,40.4996
1791.mp4,-1,-1,53.9521
573.mp4,-1,-1,46.4448
5861.mp4,-1,-1,38.9507
3485.mp4,-1,-1,61.1952
656.mp4,-1,-1,65.6132
5424.mp4,-1,-1,36.4677
3031.mp4,-1,-1,36.6217
5091.mp4,-1,-1,44.5242
6266.mp4,-1,-1,65.2542
1563.mp4,-1,-1,64.1964
2629.mp4,-1,-1,59.4016
4025.mp4,-1,-1,55.9703
3290.mp4,-1,-1,66.4922
287.mp4,-1,-1,59.5552
2524.mp4,-1,-1,52.552
6121.mp4,-1,-1,34.5961
6059.mp4,-1,-1,58.1857
4139.mp4,-1,-1,49.616
4974.mp4,-1,-1,44.9354
6238.mp4,-1,-1,66.7719
1492.mp4,-1,-1,71.3151
5163.mp4,-1,-1,45.9829
2404.mp4,-1,-1,50.1452
1173.mp4,-1,-1,40.6228
1619.mp4,-1,-1,30.3666
1134.mp4,-1,-1,51.194
6029.mp4,-1,-1,24.7532
1770.mp4,-1,-1,52.6233
5480.mp4,-1,-1,72.1385
1817.mp4,-1,-1,45.4797
125.mp4,-1,-1,62.7222
87.mp4,-1,-1,50.0527
3950.mp4,-1,-1,52.435
3621.mp4,-1,-1,45.0213
4803.mp4,-1,-1,44.2105
5992.mp4,-1,-1,34.1573
3888.mp4,-1,-1,49.4104
1753.mp4,-1,-1,50.5483
3764.mp4,-1,-1,60.061
4579.mp4,-1,-1,48.6747
4786.mp4,-1,-1,35.2285
1731.mp4,-1,-1,63.7168
6114.mp4,-1,-1,45.7265
1825.mp4,-1,-1,59.863
2348.mp4,-1,-1,54.1437
765.mp4,-1,-1,50.7449
4682.mp4,-1,-1,48.2
4922.mp4,-1,-1,43.4631
777.mp4,-1,-1,58.653
1407.mp4,-1,-1,59.0734
6098.mp4,-1,-1,35.5461
4284.mp4,-1,-1,50.7513
3081.mp4,-1,-1,55.3654
3160.mp4,-1,-1,30.0489
4196.mp4,-1,-1,44.4746
3424.mp4,-1,-1,46.3065
5942.mp4,-1,-1,54.7234
3648.mp4,-1,-1,55.336
5058.mp4,-1,-1,57.8754
4875.mp4,-1,-1,59.6081
2900.mp4,-1,-1,30.4299
5176.mp4,-1,-1,62.0206
2344.mp4,-1,-1,59.9156
4898.mp4,-1,-1,51.8129
3200.mp4,-1,-1,44.4744
261.mp4,-1,-1,49.1199
6275.mp4,-1,-1,57.8431
2476.mp4,-1,-1,55.6434
3251.mp4,-1,-1,44.7988
4222.mp4,-1,-1,56.9275
2681.mp4,-1,-1,42.7423
935.mp4,-1,-1,29.8403
910.mp4,-1,-1,54.9123
1003.mp4,-1,-1,35.2749
4337.mp4,-1,-1,54.624
2132.mp4,-1,-1,56.965
1249.mp4,-1,-1,68.7872
872.mp4,-1,-1,65.0432
2872.mp4,-1,-1,38.7467
925.mp4,-1,-1,23.9142
2217.mp4,-1,-1,53.46
4352.mp4,-1,-1,67.3503
532.mp4,-1,-1,54.472
4015.mp4,-1,-1,59.4182
4693.mp4,-1,-1,44.5958
4928.mp4,-1,-1,40.0952
192.mp4,-1,-1,59.9275
4854.mp4,-1,-1,42.6357
222.mp4,-1,-1,41.8136
5464.mp4,-1,-1,68.5844
288.mp4,-1,-1,63.3667
5600.mp4,-1,-1,54.7734
4871.mp4,-1,-1,55.4827
1683.mp4,-1,-1,40.3816
2600.mp4,-1,-1,58.4109
2411.mp4,-1,-1,39.2938
429.mp4,-1,-1,56.9088
4702.mp4,-1,-1,45.4786
3444.mp4,-1,-1,42.5501
4535.mp4,-1,-1,45.2701
4849.mp4,-1,-1,59.1228
4477.mp4,-1,-1,46.4342
1351.mp4,-1,-1,42.1838
5453.mp4,-1,-1,66.401
4143.mp4,-1,-1,55.6961
980.mp4,-1,-1,49.1778
5958.mp4,-1,-1,46.7556
4986.mp4,-1,-1,64.7075
3269.mp4,-1,-1,46.8794
5342.mp4,-1,-1,56.9118
3529.mp4,-1,-1,57.888
3798.mp4,-1,-1,58.5898
655.mp4,-1,-1,59.6788
5298.mp4,-1,-1,51.0412
3880.mp4,-1,-1,61.0631
1920.mp4,-1,-1,64.3564
4250.mp4,-1,-1,49.4715
255.mp4,-1,-1,61.6465
36.mp4,-1,-1,62.419
4430.mp4,-1,-1,43.5498
4899.mp4,-1,-1,47.0712
4988.mp4,-1,-1,53.9955
5344.mp4,-1,-1,65.2036
2468.mp4,-1,-1,42.6817
6148.mp4,-1,-1,48.4926
1066.mp4,-1,-1,64.4932
1282.mp4,-1,-1,53.4157
3869.mp4,-1,-1,54.574
6170.mp4,-1,-1,62.2093
5512.mp4,-1,-1,54.3413
448.mp4,-1,-1,52.6411
3015.mp4,-1,-1,25.0667
1652.mp4,-1,-1,49.2579
3663.mp4,-1,-1,40.6066
1184.mp4,-1,-1,63.3139
3542.mp4,-1,-1,19.3738
5253.mp4,-1,-1,46.1455
1256.mp4,-1,-1,51.4411
5241.mp4,-1,-1,54.527
3177.mp4,-1,-1,62.2349
4212.mp4,-1,-1,50.3176
607.mp4,-1,-1,38.9177
4028.mp4,-1,-1,59.9935
5556.mp4,-1,-1,37.1122
2492.mp4,-1,-1,33.4922
2015.mp4,-1,-1,64.725
1481.mp4,-1,-1,36.8138
3769.mp4,-1,-1,64.8981
5256.mp4,-1,-1,61.4489
3141.mp4,-1,-1,67.5448
2608.mp4,-1,-1,63.68
5699.mp4,-1,-1,15.4741
4219.mp4,-1,-1,23.9403
5542.mp4,-1,-1,65.5032
5387.mp4,-1,-1,40.059
1334.mp4,-1,-1,63.7419
4550.mp4,-1,-1,42.9731
5557.mp4,-1,-1,60.8037
2941.mp4,-1,-1,43.9118
1718.mp4,-1,-1,52.6776
4872.mp4,-1,-1,25.8373
5787.mp4,-1,-1,55.4062
691.mp4,-1,-1,44.4915
4147.mp4,-1,-1,38.0768
1366.mp4,-1,-1,11.6285
4776.mp4,-1,-1,40.6289
4232.mp4,-1,-1,55.014
3871.mp4,-1,-1,48.2929
2521.mp4,-1,-1,44.1944
4095.mp4,-1,-1,20.562
4620.mp4,-1,-1,49.5638
460.mp4,-1,-1,44.9991
2208.mp4,-1,-1,54.1839
586.mp4,-1,-1,49.8534
5473.mp4,-1,-1,51.8309
4516.mp4,-1,-1,60.3976
2146.mp4,-1,-1,55.2394
2837.mp4,-1,-1,60.3287
892.mp4,-1,-1,44.6311
2811.mp4,-1,-1,61.4724
5612.mp4,-1,-1,55.3613
1870.mp4,-1,-1,31.6758
1431.mp4,-1,-1,52.5677
3627.mp4,-1,-1,67.5842
653.mp4,-1,-1,49.2786
4131.mp4,-1,-1,44.9647
544.mp4,-1,-1,47.998
5716.mp4,-1,-1,45.6107
4703.mp4,-1,-1,52.8515
3198.mp4,-1,-1,26.672
322.mp4,-1,-1,62.6005
4568.mp4,-1,-1,47.7659
665.mp4,-1,-1,37.0991
2475.mp4,-1,-1,62.4436
262.mp4,-1,-1,67.6596
5957.mp4,-1,-1,57.721
3635.mp4,-1,-1,46.7778
929.mp4,-1,-1,60.804
3749.mp4,-1,-1,48.5608
943.mp4,-1,-1,36.4545
1614.mp4,-1,-1,65.5351
