4950.mp4,-1,-1,58.7096
2008.mp4,-1,-1,54.2749
5912.mp4,-1,-1,46.6574
5318.mp4,-1,-1,51.466
769.mp4,-1,-1,52.8682
653.mp4,-1,-1,48.6872
363.mp4,-1,-1,33.5886
6198.mp4,-1,-1,46.0598
1721.mp4,-1,-1,54.6751
258.mp4,-1,-1,52.8236
3770.mp4,-1,-1,48.8109
1075.mp4,-1,-1,51.5492
1541.mp4,-1,-1,42.234
2501.mp4,-1,-1,39.7254
2360.mp4,-1,-1,56.0229
2475.mp4,-1,-1,55.6424
816.mp4,-1,-1,58.7755
522.mp4,-1,-1,35.8859
6082.mp4,-1,-1,57.0947
13.mp4,-1,-1,66.0712
4279.mp4,-1,-1,67.05
1815.mp4,-1,-1,44.3324
4417.mp4,-1,-1,56.954
6113.mp4,-1,-1,22.4042
582.mp4,-1,-1,33.9827
4941.mp4,-1,-1,52.3789
205.mp4,-1,-1,50.6019
3601.mp4,-1,-1,47.8525
2854.mp4,-1,-1,30.678
33.mp4,-1,-1,55.7434
1363.mp4,-1,-1,69.165
4296.mp4,-1,-1,42.7109
3598.mp4,-1,-1,60.4864
5262.mp4,-1,-1,52.1202
2344.mp4,-1,-1,59.7536
1317.mp4,-1,-1,42.4812
4191.mp4,-1,-1,71.7308
859.mp4,-1,-1,39.4413
1005.mp4,-1,-1,47.3061
3513.mp4,-1,-1,35.8348
5339.mp4,-1,-1,43.4385
3124.mp4,-1,-1,54.365
356.mp4,-1,-1,45.7319
4121.mp4,-1,-1,53.0661
3952.mp4,-1,-1,27.1644
4828.mp4,-1,-1,50.7095
541.mp4,-1,-1,70.475
509.mp4,-1,-1,37.0298
4567.mp4,-1,-1,64.1638
5335.mp4,-1,-1,61.5543
1159.mp4,-1,-1,55.5382
1723.mp4,-1,-1,59.5174
84.mp4,-1,-1,47.2593
846.mp4,-1,-1,62.2998
246.mp4,-1,-1,45.6727
5757.mp4,-1,-1,53.8449
6000.mp4,-1,-1,44.661
550.mp4,-1,-1,71.9687
2988.mp4,-1,-1,48.1587
2994.mp4,-1,-1,52.661
1878.mp4,-1,-1,68.8977
4037.mp4,-1,-1,45.5298
1992.mp4,-1,-1,40.4877
5470.mp4,-1,-1,57.9972
6254.mp4,-1,-1,57.8205
5909.mp4,-1,-1,55.0513
1871.mp4,-1,-1,56.8907
3964.mp4,-1,-1,41.2171
3705.mp4,-1,-1,43.2239
2158.mp4,-1,-1,56.463
4685.mp4,-1,-1,46.6028
1834.mp4,-1,-1,46.1288
2711.mp4,-1,-1,57.3484
5073.mp4,-1,-1,72.6766
5491.mp4,-1,-1,60.9691
2291.mp4,-1,-1,54.3274
60.mp4,-1,-1,55.4306
4443.mp4,-1,-1,59.1063
1360.mp4,-1,-1,29.3784
619.mp4,-1,-1,55.3675
2520.mp4,-1,-1,62.3771
4307.mp4,-1,-1,57.8703
4447.mp4,-1,-1,63.4272
1298.mp4,-1,-1,62.775
5098.mp4,-1,-1,47.9747
6258.mp4,-1,-1,47.2498
1800.mp4,-1,-1,45.303
18.mp4,-1,-1,23.5754
2355.mp4,-1,-1,58.869
2093.mp4,-1,-1,58.6542
6215.mp4,-1,-1,70.4184
106.mp4,-1,-1,48.1718
5720.mp4,-1,-1,58.5528
2987.mp4,-1,-1,53.9931
5752.mp4,-1,-1,54.8956
1584.mp4,-1,-1,60.4078
5776.mp4,-1,-1,16.8256
4107.mp4,-1,-1,50.554
2876.mp4,-1,-1,52.2989
4586.mp4,-1,-1,48.9489
433.mp4,-1,-1,51.9529
3364.mp4,-1,-1,58.5018
3445.mp4,-1,-1,62.9145
4531.mp4,-1,-1,50.717
618.mp4,-1,-1,43.3921
640.mp4,-1,-1,33.7567
5186.mp4,-1,-1,41.8328
4681.mp4,-1,-1,25.4487
2028.mp4,-1,-1,36.6977
755.mp4,-1,-1,58.6183
3613.mp4,-1,-1,38.2845
2619.mp4,-1,-1,42.2303
3160.mp4,-1,-1,34.2858
3440.mp4,-1,-1,43.106
1198.mp4,-1,-1,60.2139
6003.mp4,-1,-1,57.4367
5617.mp4,-1,-1,63.188
5614.mp4,-1,-1,49.2555
557.mp4,-1,-1,48.539
4785.mp4,-1,-1,55.277
5947.mp4,-1,-1,63.2058
6166.mp4,-1,-1,55.4441
3476.mp4,-1,-1,35.7153
1876.mp4,-1,-1,43.5358
5915.mp4,-1,-1,35.814
378.mp4,-1,-1,57.6596
4352.mp4,-1,-1,71.3686
2335.mp4,-1,-1,30.4046
1948.mp4,-1,-1,62.9499
2541.mp4,-1,-1,45.6493
1124.mp4,-1,-1,45.5898
2016.mp4,-1,-1,43.3978
3773.mp4,-1,-1,40.2094
1341.mp4,-1,-1,54.2839
5838.mp4,-1,-1,60.2944
1709.mp4,-1,-1,49.8632
1826.mp4,-1,-1,69.3226
4013.mp4,-1,-1,44.0034
6110.mp4,-1,-1,24.6609
396.mp4,-1,-1,41.5165
5342.mp4,-1,-1,54.1334
3167.mp4,-1,-1,42.5893
2495.mp4,-1,-1,53.2476
3359.mp4,-1,-1,40.0083
3255.mp4,-1,-1,57.5993
4837.mp4,-1,-1,51.4744
6163.mp4,-1,-1,32.5208
3563.mp4,-1,-1,54.5274
2134.mp4,-1,-1,70.463
4796.mp4,-1,-1,65.1675
4082.mp4,-1,-1,46.3822
922.mp4,-1,-1,35.1672
3804.mp4,-1,-1,48.1268
4730.mp4,-1,-1,43.9453
1621.mp4,-1,-1,65.2946
4993.mp4,-1,-1,48.0247
5298.mp4,-1,-1,53.2939
1906.mp4,-1,-1,41.9615
4172.mp4,-1,-1,54.551
3931.mp4,-1,-1,53.1615
2089.mp4,-1,-1,42.2994
6223.mp4,-1,-1,55.226
3490.mp4,-1,-1,53.9302
933.mp4,-1,-1,51.3651
5621.mp4,-1,-1,46.9619
4355.mp4,-1,-1,62.3313
4425.mp4,-1,-1,54.3965
6172.mp4,-1,-1,60.1567
1180.mp4,-1,-1,62.1531
3109.mp4,-1,-1,37.0608
4938.mp4,-1,-1,48.3183
5083.mp4,-1,-1,39.8962
3991.mp4,-1,-1,52.799
5412.mp4,-1,-1,65.3829
4288.mp4,-1,-1,52.2531
5344.mp4,-1,-1,59.2038
4947.mp4,-1,-1,50.8392
5465.mp4,-1,-1,47.8203
1444.mp4,-1,-1,55.4279
904.mp4,-1,-1,56.5989
3041.mp4,-1,-1,57.6574
646.mp4,-1,-1,50.8184
100.mp4,-1,-1,46.7101
3886.mp4,-1,-1,64.0638
425.mp4,-1,-1,63.6291
4886.mp4,-1,-1,59.108
5764.mp4,-1,-1,39.2556
4000.mp4,-1,-1,61.7198
4648.mp4,-1,-1,50.1139
3902.mp4,-1,-1,36.745
3036.mp4,-1,-1,47.3536
4063.mp4,-1,-1,49.5782
3983.mp4,-1,-1,30.8826
311.mp4,-1,-1,41.6218
1492.mp4,-1,-1,72.9247
5561.mp4,-1,-1,68.4339
2620.mp4,-1,-1,54.0103
5007.mp4,-1,-1,67.8856
5572.mp4,-1,-1,53.1135
486.mp4,-1,-1,48.0568
4472.mp4,-1,-1,60.4352
2535.mp4,-1,-1,51.3994
5734.mp4,-1,-1,69.5208
249.mp4,-1,-1,55.5896
1112.mp4,-1,-1,70.8509
6105.mp4,-1,-1,53.5984
867.mp4,-1,-1,58.6042
5569.mp4,-1,-1,55.7964
2043.mp4,-1,-1,57.6844
797.mp4,-1,-1,50.7943
715.mp4,-1,-1,51.3077
2225.mp4,-1,-1,21.8958
714.mp4,-1,-1,57.54
1388.mp4,-1,-1,63.4501
3201.mp4,-1,-1,61.8159
4893.mp4,-1,-1,51.6541
656.mp4,-1,-1,62.2327
3813.mp4,-1,-1,43.5767
2104.mp4,-1,-1,44.0147
740.mp4,-1,-1,66.8015
1875.mp4,-1,-1,38.229
3712.mp4,-1,-1,49.1607
2507.mp4,-1,-1,43.7687
5881.mp4,-1,-1,66.5125
532.mp4,-1,-1,58.2678
633.mp4,-1,-1,45.7822
426.mp4,-1,-1,55.3466
4763.mp4,-1,-1,67.4878
2653.mp4,-1,-1,52.2473
404.mp4,-1,-1,24.1575
1614.mp4,-1,-1,65.7469
292.mp4,-1,-1,40.9706
139.mp4,-1,-1,57.4567
2234.mp4,-1,-1,57.5095
706.mp4,-1,-1,52.6827
5963.mp4,-1,-1,46.0306
1758.mp4,-1,-1,52.5158
5370.mp4,-1,-1,40.5736
6239.mp4,-1,-1,65.7339
1641.mp4,-1,-1,35.937
2981.mp4,-1,-1,58.0338
3435.mp4,-1,-1,33.8543
6191.mp4,-1,-1,60.455
2032.mp4,-1,-1,55.6913
4363.mp4,-1,-1,51.8637
6160.mp4,-1,-1,42.2052
684.mp4,-1,-1,34.9473
2313.mp4,-1,-1,57.2003
1923.mp4,-1,-1,55.0211
3346.mp4,-1,-1,44.2679
4895.mp4,-1,-1,51.4877
2629.mp4,-1,-1,56.7084
1825.mp4,-1,-1,54.8071
2204.mp4,-1,-1,48.6277
775.mp4,-1,-1,44.9048
2561.mp4,-1,-1,46.8393
4931.mp4,-1,-1,44.4756
314.mp4,-1,-1,42.1931
5284.mp4,-1,-1,50.7384
2252.mp4,-1,-1,61.6943
4621.mp4,-1,-1,63.3423
3105.mp4,-1,-1,59.3977
4700.mp4,-1,-1,50.2484
285.mp4,-1,-1,71.4415
625.mp4,-1,-1,59.8565
2185.mp4,-1,-1,41.7499
764.mp4,-1,-1,63.6075
6149.mp4,-1,-1,72.7767
3725.mp4,-1,-1,59.9118
2179.mp4,-1,-1,50.0278
1326.mp4,-1,-1,47.7333
166.mp4,-1,-1,72.5043
4115.mp4,-1,-1,39.7929
5291.mp4,-1,-1,41.6308
3947.mp4,-1,-1,50.1066
2537.mp4,-1,-1,45.943
6066.mp4,-1,-1,52.2412
4319.mp4,-1,-1,43.6009
2395.mp4,-1,-1,70.415
1944.mp4,-1,-1,50.2001
2482.mp4,-1,-1,56.7854
2612.mp4,-1,-1,50.2987
860.mp4,-1,-1,45.944
4299.mp4,-1,-1,34.2418
94.mp4,-1,-1,57.1447
1022.mp4,-1,-1,44.5705
2595.mp4,-1,-1,56.6816
3595.mp4,-1,-1,51.2678
1887.mp4,-1,-1,40.7347
471.mp4,-1,-1,49.0388
4526.mp4,-1,-1,50.5262
882.mp4,-1,-1,56.4576
2292.mp4,-1,-1,50.2303
758.mp4,-1,-1,42.352
1003.mp4,-1,-1,39.1889
1784.mp4,-1,-1,44.8084
1283.mp4,-1,-1,55.9535
3644.mp4,-1,-1,34.9958
4705.mp4,-1,-1,43.798
2113.mp4,-1,-1,43.9471
5087.mp4,-1,-1,52.6719
4978.mp4,-1,-1,37.6353
6224.mp4,-1,-1,47.5619
577.mp4,-1,-1,52.3211
5436.mp4,-1,-1,34.2204
4470.mp4,-1,-1,54.2998
1840.mp4,-1,-1,52.9122
6031.mp4,-1,-1,27.9469
3907.mp4,-1,-1,30.7198
605.mp4,-1,-1,44.3783
332.mp4,-1,-1,30.8623
3972.mp4,-1,-1,56.1623
3039.mp4,-1,-1,38.1346
916.mp4,-1,-1,44.8551
6211.mp4,-1,-1,34.1828
1327.mp4,-1,-1,44.6021
2248.mp4,-1,-1,50.4725
5629.mp4,-1,-1,49.3362
1128.mp4,-1,-1,45.8462
694.mp4,-1,-1,56.1076
2240.mp4,-1,-1,50.0532
2155.mp4,-1,-1,52.364
1610.mp4,-1,-1,60.4891
319.mp4,-1,-1,53.4918
3567.mp4,-1,-1,66.0804
720.mp4,-1,-1,57.9344
5588.mp4,-1,-1,58.651
2557.mp4,-1,-1,53.2304
1803.mp4,-1,-1,36.7799
841.mp4,-1,-1,43.4119
1297.mp4,-1,-1,50.5576
5328.mp4,-1,-1,50.1564
3424.mp4,-1,-1,55.5111
3679.mp4,-1,-1,55.5288
1749.mp4,-1,-1,42.278
2780.mp4,-1,-1,48.1731
682.mp4,-1,-1,69.752
1342.mp4,-1,-1,34.8173
1653.mp4,-1,-1,32.3686
651.mp4,-1,-1,27.8276
5573.mp4,-1,-1,49.4638
3474.mp4,-1,-1,52.7862
5316.mp4,-1,-1,26.6509
4079.mp4,-1,-1,51.9798
4560.mp4,-1,-1,31.2519
642.mp4,-1,-1,36.3692
5649.mp4,-1,-1,52.5568
4954.mp4,-1,-1,57.278
3622.mp4,-1,-1,65.8195
4100.mp4,-1,-1,55.6089
3143.mp4,-1,-1,35.4654
2194.mp4,-1,-1,44.1735
1647.mp4,-1,-1,37.3409
2389.mp4,-1,-1,54.4748
6114.mp4,-1,-1,56.5627
648.mp4,-1,-1,49.7496
1474.mp4,-1,-1,42.8186
5257.mp4,-1,-1,44.0922
3600.mp4,-1,-1,52.3747
4494.mp4,-1,-1,47.6738
3520.mp4,-1,-1,67.6213
1260.mp4,-1,-1,31.1339
2214.mp4,-1,-1,60.2581
1618.mp4,-1,-1,43.7646
1817.mp4,-1,-1,45.0405
4495.mp4,-1,-1,46.2003
1200.mp4,-1,-1,62.8079
1236.mp4,-1,-1,41.1137
2885.mp4,-1,-1,62.2839
3328.mp4,-1,-1,37.7766
4028.mp4,-1,-1,59.1799
698.mp4,-1,-1,51.3733
2462.mp4,-1,-1,25.3056
3050.mp4,-1,-1,39.4625
3062.mp4,-1,-1,42.5704
4336.mp4,-1,-1,49.1209
3070.mp4,-1,-1,58.5406
5067.mp4,-1,-1,49.3595
1776.mp4,-1,-1,54.745
1038.mp4,-1,-1,61.1477
743.mp4,-1,-1,55.948
589.mp4,-1,-1,60.145
5959.mp4,-1,-1,28.1195
5319.mp4,-1,-1,62.4174
6180.mp4,-1,-1,52.5934
6274.mp4,-1,-1,49.738
251.mp4,-1,-1,54.0973
4885.mp4,-1,-1,57.3097
4193.mp4,-1,-1,62.6538
2849.mp4,-1,-1,48.5113
1093.mp4,-1,-1,49.17
6128.mp4,-1,-1,66.1805
1633.mp4,-1,-1,31.0227
1649.mp4,-1,-1,46.7735
1481.mp4,-1,-1,40.0842
5294.mp4,-1,-1,35.1361
5745.mp4,-1,-1,41.3982
3702.mp4,-1,-1,58.1562
2150.mp4,-1,-1,66.1471
4840.mp4,-1,-1,58.5823
4535.mp4,-1,-1,54.4511
5037.mp4,-1,-1,61.9626
1338.mp4,-1,-1,69.4377
14.mp4,-1,-1,62.711
3997.mp4,-1,-1,57.4294
5421.mp4,-1,-1,48.435
3320.mp4,-1,-1,51.264
4754.mp4,-1,-1,48.2
5182.mp4,-1,-1,48.8328
5583.mp4,-1,-1,63.7895
2893.mp4,-1,-1,50.4564
2667.mp4,-1,-1,54.0178
3820.mp4,-1,-1,60.6171
1393.mp4,-1,-1,49.3107
3785.mp4,-1,-1,65.4139
3857.mp4,-1,-1,40.1669
5996.mp4,-1,-1,53.9574
4175.mp4,-1,-1,58.9513
3334.mp4,-1,-1,34.3928
702.mp4,-1,-1,32.6651
4598.mp4,-1,-1,35.954
79.mp4,-1,-1,61.6065
108.mp4,-1,-1,51.4081
3962.mp4,-1,-1,65.9401
4764.mp4,-1,-1,49.7549
4005.mp4,-1,-1,55.1205
2496.mp4,-1,-1,42.8694
4301.mp4,-1,-1,68.9071
3739.mp4,-1,-1,55.3844
1612.mp4,-1,-1,60.8149
4087.mp4,-1,-1,63.7642
4622.mp4,-1,-1,47.9018
5501.mp4,-1,-1,33.4844
498.mp4,-1,-1,56.0169
1400.mp4,-1,-1,36.5222
3535.mp4,-1,-1,49.73
3708.mp4,-1,-1,60.1176
6102.mp4,-1,-1,63.4699
2069.mp4,-1,-1,56.846
189.mp4,-1,-1,52.4679
3015.mp4,-1,-1,34.2586
4206.mp4,-1,-1,67.9943
5619.mp4,-1,-1,60.4339
5280.mp4,-1,-1,59.0709
3197.mp4,-1,-1,59.0072
4875.mp4,-1,-1,58.3492
5694.mp4,-1,-1,63.613
2534.mp4,-1,-1,60.4918
3185.mp4,-1,-1,36.6366
6155.mp4,-1,-1,54.3961
529.mp4,-1,-1,37.9956
4309.mp4,-1,-1,55.5409
2643.mp4,-1,-1,49.0538
259.mp4,-1,-1,59.2189
1370.mp4,-1,-1,47.244
255.mp4,-1,-1,57.377
5918.mp4,-1,-1,26.3173
3163.mp4,-1,-1,48.4982
6101.mp4,-1,-1,47.8442
1972.mp4,-1,-1,40.528
4449.mp4,-1,-1,60.7423
4781.mp4,-1,-1,48.9329
1955.mp4,-1,-1,44.1952
1026.mp4,-1,-1,42.7549
2510.mp4,-1,-1,65.7482
3040.mp4,-1,-1,49.8881
2628.mp4,-1,-1,57.7267
5509.mp4,-1,-1,58.8521
5059.mp4,-1,-1,41.8305
3274.mp4,-1,-1,60.3685
1660.mp4,-1,-1,38.9987
1347.mp4,-1,-1,66.6303
2540.mp4,-1,-1,41.7418
1152.mp4,-1,-1,55.2523
880.mp4,-1,-1,46.5923
5147.mp4,-1,-1,58.3536
5808.mp4,-1,-1,62.1527
4555.mp4,-1,-1,40.7461
1609.mp4,-1,-1,63.3412
888.mp4,-1,-1,38.3257
5479.mp4,-1,-1,61.4092
482.mp4,-1,-1,40.4535
982.mp4,-1,-1,47.3982
4043.mp4,-1,-1,50.9694
1700.mp4,-1,-1,33.1449
940.mp4,-1,-1,58.588
4283.mp4,-1,-1,53.605
2855.mp4,-1,-1,35.0466
4439.mp4,-1,-1,46.8772
5303.mp4,-1,-1,56.0089
3791.mp4,-1,-1,61.5471
429.mp4,-1,-1,57.8802
784.mp4,-1,-1,55.9361
3057.mp4,-1,-1,52.8555
5853.mp4,-1,-1,56.1014
3071.mp4,-1,-1,34.4828
6262.mp4,-1,-1,53.7964
3505.mp4,-1,-1,48.4292
2317.mp4,-1,-1,49.7354
5709.mp4,-1,-1,40.397
3489.mp4,-1,-1,59.3657
5238.mp4,-1,-1,50.1732
2189.mp4,-1,-1,45.8658
3985.mp4,-1,-1,63.8936
1862.mp4,-1,-1,27.5214
869.mp4,-1,-1,51.6955
4243.mp4,-1,-1,58.9409
1040.mp4,-1,-1,59.6903
3388.mp4,-1,-1,48.0851
5810.mp4,-1,-1,41.3478
1904.mp4,-1,-1,62.3281
5093.mp4,-1,-1,68.6081
4776.mp4,-1,-1,39.1346
2707.mp4,-1,-1,47.1049
6259.mp4,-1,-1,47.8773
12.mp4,-1,-1,58.7648
5794.mp4,-1,-1,35.3021
6104.mp4,-1,-1,54.9522
3430.mp4,-1,-1,62.0856
3950.mp4,-1,-1,50.0452
790.mp4,-1,-1,49.6091
4543.mp4,-1,-1,57.8907
4317.mp4,-1,-1,34.6383
4546.mp4,-1,-1,46.7034
2800.mp4,-1,-1,61.1787
4434.mp4,-1,-1,57.1846
2977.mp4,-1,-1,49.7921
4194.mp4,-1,-1,46.7611
5223.mp4,-1,-1,50.5606
1642.mp4,-1,-1,59.3428
2717.mp4,-1,-1,51.5443
573.mp4,-1,-1,46.9557
6.mp4,-1,-1,46.2628
6240.mp4,-1,-1,67.8606
2484.mp4,-1,-1,48.1793
4365.mp4,-1,-1,58.9101
213.mp4,-1,-1,40.3024
2115.mp4,-1,-1,45.833
3128.mp4,-1,-1,45.9941
3194.mp4,-1,-1,63.3841
1805.mp4,-1,-1,53.2518
4629.mp4,-1,-1,32.4658
1033.mp4,-1,-1,54.7873
266.mp4,-1,-1,69.7976
4593.mp4,-1,-1,50.3942
5348.mp4,-1,-1,60.0954
289.mp4,-1,-1,62.6066
5315.mp4,-1,-1,65.5433
5986.mp4,-1,-1,62.8368
4745.mp4,-1,-1,58.15
6115.mp4,-1,-1,44.1803
3250.mp4,-1,-1,58.3732
4592.mp4,-1,-1,57.1467
80.mp4,-1,-1,71.3609
4112.mp4,-1,-1,34.7081
551.mp4,-1,-1,54.3747
1147.mp4,-1,-1,44.8158
4722.mp4,-1,-1,45.2656
1457.mp4,-1,-1,39.5306
4817.mp4,-1,-1,46.6764
5162.mp4,-1,-1,62.9559
5285.mp4,-1,-1,39.1746
4714.mp4,-1,-1,44.9959
1924.mp4,-1,-1,28.077
962.mp4,-1,-1,62.2817
2275.mp4,-1,-1,47.9954
2220.mp4,-1,-1,56.8776
6137.mp4,-1,-1,57.4888
3350.mp4,-1,-1,56.4738
818.mp4,-1,-1,48.7835
1943.mp4,-1,-1,50.7243
2391.mp4,-1,-1,45.1153
2791.mp4,-1,-1,31.2146
4152.mp4,-1,-1,35.6716
2424.mp4,-1,-1,38.8696
5506.mp4,-1,-1,42.4686
3155.mp4,-1,-1,44.984
2787.mp4,-1,-1,40.547
6022.mp4,-1,-1,52.019
3232.mp4,-1,-1,64.4971
375.mp4,-1,-1,57.5812
4053.mp4,-1,-1,63.4527
6204.mp4,-1,-1,51.7883
2030.mp4,-1,-1,56.6703
3368.mp4,-1,-1,52.5494
5124.mp4,-1,-1,50.1028
231.mp4,-1,-1,46.3576
5259.mp4,-1,-1,56.1124
1772.mp4,-1,-1,35.1709
5307.mp4,-1,-1,49.4037
2942.mp4,-1,-1,37.498
5566.mp4,-1,-1,43.9981
1076.mp4,-1,-1,45.9289
6230.mp4,-1,-1,43.047
2131.mp4,-1,-1,49.5938
3066.mp4,-1,-1,48.0321
3829.mp4,-1,-1,44.8179
3110.mp4,-1,-1,55.2002
910.mp4,-1,-1,54.6512
2379.mp4,-1,-1,74.1101
766.mp4,-1,-1,42.8873
2733.mp4,-1,-1,32.871
235.mp4,-1,-1,63.3366
802.mp4,-1,-1,42.0089
4093.mp4,-1,-1,57.4448
505.mp4,-1,-1,38.942
1961.mp4,-1,-1,44.7383
5715.mp4,-1,-1,41.1001
5580.mp4,-1,-1,19.5995
2974.mp4,-1,-1,54.12
3977.mp4,-1,-1,35.7476
1879.mp4,-1,-1,63.2573
4585.mp4,-1,-1,40.2389
5592.mp4,-1,-1,62.9407
2812.mp4,-1,-1,55.5427
4169.mp4,-1,-1,55.4104
4550.mp4,-1,-1,41.9881
4991.mp4,-1,-1,57.4711
5907.mp4,-1,-1,53.8145
5431.mp4,-1,-1,51.3063
2346.mp4,-1,-1,62.0076
4166.mp4,-1,-1,30.1859
3156.mp4,-1,-1,54.0924
6250.mp4,-1,-1,47.235
1079.mp4,-1,-1,44.8365
4908.mp4,-1,-1,59.421
3843.mp4,-1,-1,46.5651
2802.mp4,-1,-1,56.2557
2394.mp4,-1,-1,48.8147
3525.mp4,-1,-1,62.4413
3661.mp4,-1,-1,35.3857
4485.mp4,-1,-1,41.6687
3455.mp4,-1,-1,59.3799
1139.mp4,-1,-1,40.5484
1097.mp4,-1,-1,57.8534
6248.mp4,-1,-1,53.4658
1525.mp4,-1,-1,49.8091
1219.mp4,-1,-1,58.2438
5880.mp4,-1,-1,48.9261
55.mp4,-1,-1,59.9156
955.mp4,-1,-1,56.3875
5457.mp4,-1,-1,49.8338
2760.mp4,-1,-1,59.2111
4611.mp4,-1,-1,40.946
1042.mp4,-1,-1,69.0403
5556.mp4,-1,-1,25.9362
186.mp4,-1,-1,52.6048
3.mp4,-1,-1,54.6316
2823.mp4,-1,-1,31.6158
4574.mp4,-1,-1,46.1007
1109.mp4,-1,-1,52.1219
3347.mp4,-1,-1,51.2387
6179.mp4,-1,-1,43.0197
1558.mp4,-1,-1,66.4187
377.mp4,-1,-1,33.8054
4871.mp4,-1,-1,63.1639
4479.mp4,-1,-1,60.4888
3970.mp4,-1,-1,60.3327
3802.mp4,-1,-1,56.7718
2572.mp4,-1,-1,55.2633
5149.mp4,-1,-1,53.3958
3261.mp4,-1,-1,59.617
2819.mp4,-1,-1,56.4658
2406.mp4,-1,-1,57.1068
5502.mp4,-1,-1,43.9668
1861.mp4,-1,-1,57.288
3924.mp4,-1,-1,36.9419
438.mp4,-1,-1,64.1358
3862.mp4,-1,-1,54.7652
6019.mp4,-1,-1,51.2842
5608.mp4,-1,-1,62.1717
4504.mp4,-1,-1,54.6018
5741.mp4,-1,-1,63.0546
3465.mp4,-1,-1,47.4399
4416.mp4,-1,-1,54.0346
2583.mp4,-1,-1,57.2229
884.mp4,-1,-1,63.3446
236.mp4,-1,-1,60.8705
2820.mp4,-1,-1,53.4865
3824.mp4,-1,-1,29.7621
4717.mp4,-1,-1,66.5663
5693.mp4,-1,-1,66.9921
5159.mp4,-1,-1,42.3053
2261.mp4,-1,-1,31.0042
4693.mp4,-1,-1,52.2816
5381.mp4,-1,-1,57.0674
4186.mp4,-1,-1,49.9226
4511.mp4,-1,-1,52.6012
5743.mp4,-1,-1,64.6304
5751.mp4,-1,-1,57.6898
3353.mp4,-1,-1,38.8944
6231.mp4,-1,-1,54.7034
82.mp4,-1,-1,41.9137
4972.mp4,-1,-1,41.01
4789.mp4,-1,-1,49.7823
2718.mp4,-1,-1,50.3502
3974.mp4,-1,-1,46.3105
3519.mp4,-1,-1,52.0839
5847.mp4,-1,-1,56.0125
5500.mp4,-1,-1,41.6418
3002.mp4,-1,-1,56.9788
2608.mp4,-1,-1,60.9779
614.mp4,-1,-1,50.1665
472.mp4,-1,-1,50.4547
410.mp4,-1,-1,34.7871
877.mp4,-1,-1,65.0042
1952.mp4,-1,-1,44.7729
4855.mp4,-1,-1,57.1644
2005.mp4,-1,-1,48.5909
77.mp4,-1,-1,59.224
4517.mp4,-1,-1,44.6863
1233.mp4,-1,-1,58.4602
6165.mp4,-1,-1,53.8596
2521.mp4,-1,-1,42.4566
4066.mp4,-1,-1,62.399
915.mp4,-1,-1,49.0639
1343.mp4,-1,-1,52.0879
2975.mp4,-1,-1,57.149
312.mp4,-1,-1,17.8995
6148.mp4,-1,-1,42.0141
5543.mp4,-1,-1,52.4045
4852.mp4,-1,-1,18.957
5366.mp4,-1,-1,52.3701
440.mp4,-1,-1,47.0605
2571.mp4,-1,-1,55.7369
4097.mp4,-1,-1,11.3871
4839.mp4,-1,-1,38.2769
949.mp4,-1,-1,27.9077
4046.mp4,-1,-1,46.9331
3879.mp4,-1,-1,53.356
227.mp4,-1,-1,60.0107
4960.mp4,-1,-1,60.5625
5450.mp4,-1,-1,44.5725
4142.mp4,-1,-1,61.1583
3512.mp4,-1,-1,52.9137
2984.mp4,-1,-1,59.4887
2207.mp4,-1,-1,45.1257
1068.mp4,-1,-1,49.25
735.mp4,-1,-1,31.8565
5058.mp4,-1,-1,53.2861
4861.mp4,-1,-1,29.9996
4397.mp4,-1,-1,52.3202
1203.mp4,-1,-1,60.9481
2815.mp4,-1,-1,56.0466
4616.mp4,-1,-1,56.5914
5882.mp4,-1,-1,54.4461
967.mp4,-1,-1,28.2489
5852.mp4,-1,-1,43.9008
1719.mp4,-1,-1,60.2618
5536.mp4,-1,-1,60.013
3248.mp4,-1,-1,55.0878
5529.mp4,-1,-1,58.3996
1994.mp4,-1,-1,66.3519
2912.mp4,-1,-1,58.899
5750.mp4,-1,-1,61.871
287.mp4,-1,-1,64.971
4773.mp4,-1,-1,47.3078
907.mp4,-1,-1,59.1604
782.mp4,-1,-1,39.569
340.mp4,-1,-1,32.2854
983.mp4,-1,-1,59.1613
2801.mp4,-1,-1,60.3777
2508.mp4,-1,-1,55.3244
2201.mp4,-1,-1,50.0572
3214.mp4,-1,-1,66.3065
5115.mp4,-1,-1,47.5927
47.mp4,-1,-1,32.7382
712.mp4,-1,-1,62.9118
197.mp4,-1,-1,62.4015
6276.mp4,-1,-1,65.0279
1934.mp4,-1,-1,55.1402
4812.mp4,-1,-1,58.6857
3698.mp4,-1,-1,57.9592
2267.mp4,-1,-1,54.7472
4021.mp4,-1,-1,50.2232
1656.mp4,-1,-1,67.8839
4047.mp4,-1,-1,57.6687
3136.mp4,-1,-1,50.7412
586.mp4,-1,-1,46.8957
4534.mp4,-1,-1,58.5064
4497.mp4,-1,-1,58.2893
5942.mp4,-1,-1,69.8718
5049.mp4,-1,-1,38.0506
3030.mp4,-1,-1,35.6384
1667.mp4,-1,-1,54.7845
395.mp4,-1,-1,31.115
6212.mp4,-1,-1,39.3908
307.mp4,-1,-1,50.0622
4552.mp4,-1,-1,59.0647
1702.mp4,-1,-1,57.2675
4965.mp4,-1,-1,43.533
2728.mp4,-1,-1,62.6929
5419.mp4,-1,-1,44.7862
5151.mp4,-1,-1,32.7506
1792.mp4,-1,-1,34.8771
4034.mp4,-1,-1,66.5389
1585.mp4,-1,-1,61.5696
5830.mp4,-1,-1,58.4024
4992.mp4,-1,-1,54.1369
3524.mp4,-1,-1,51.7349
5925.mp4,-1,-1,42.4795
6064.mp4,-1,-1,59.5796
1489.mp4,-1,-1,22.3849
2151.mp4,-1,-1,62.6096
4608.mp4,-1,-1,56.3147
2438.mp4,-1,-1,27.4854
4380.mp4,-1,-1,40.6251
1892.mp4,-1,-1,61.6522
1606.mp4,-1,-1,58.2285
61.mp4,-1,-1,65.228
5250.mp4,-1,-1,55.7916
2898.mp4,-1,-1,60.9924
4603.mp4,-1,-1,37.3923
1309.mp4,-1,-1,66.572
4929.mp4,-1,-1,53.4659
454.mp4,-1,-1,62.5292
3169.mp4,-1,-1,60.614
1446.mp4,-1,-1,47.2361
2366.mp4,-1,-1,60.6951
5855.mp4,-1,-1,64.161
2844.mp4,-1,-1,65.3315
1049.mp4,-1,-1,60.2736
5927.mp4,-1,-1,41.3925
3790.mp4,-1,-1,51.401
2426.mp4,-1,-1,63.8528
1186.mp4,-1,-1,48.2778
607.mp4,-1,-1,40.1184
2352.mp4,-1,-1,39.2215
3788.mp4,-1,-1,50.7552
1209.mp4,-1,-1,59.0222
4778.mp4,-1,-1,54.3986
3423.mp4,-1,-1,37.4302
4453.mp4,-1,-1,49.2527
762.mp4,-1,-1,53.9604
2512.mp4,-1,-1,52.7473
5276.mp4,-1,-1,68.4486
6192.mp4,-1,-1,33.8719
277.mp4,-1,-1,52.8354
3068.mp4,-1,-1,46.0085
5309.mp4,-1,-1,54.1058
4988.mp4,-1,-1,49.1271
2680.mp4,-1,-1,59.7639
382.mp4,-1,-1,42.7962
1655.mp4,-1,-1,36.8493
1419.mp4,-1,-1,68.8644
5591.mp4,-1,-1,25.4741
5453.mp4,-1,-1,64.191
4108.mp4,-1,-1,63.9551
612.mp4,-1,-1,44.2238
1422.mp4,-1,-1,49.2346
1175.mp4,-1,-1,45.5531
5864.mp4,-1,-1,72.7834
3342.mp4,-1,-1,52.0253
5249.mp4,-1,-1,63.4784
3581.mp4,-1,-1,42.7618
2761.mp4,-1,-1,38.9281
62.mp4,-1,-1,60.0413
956.mp4,-1,-1,55.7054
1082.mp4,-1,-1,67.8035
2911.mp4,-1,-1,36.3545
1102.mp4,-1,-1,44.1301
150.mp4,-1,-1,42.6794
3784.mp4,-1,-1,51.2034
6205.mp4,-1,-1,37.1694
2425.mp4,-1,-1,47.8773
4235.mp4,-1,-1,47.7755
912.mp4,-1,-1,46.273
2143.mp4,-1,-1,65.172
4137.mp4,-1,-1,55.213
5089.mp4,-1,-1,43.9141
1790.mp4,-1,-1,58.1371
5281.mp4,-1,-1,60.1846
5346.mp4,-1,-1,56.5789
5650.mp4,-1,-1,39.9544
46.mp4,-1,-1,36.3673
3304.mp4,-1,-1,66.0861
389.mp4,-1,-1,34.6742
3073.mp4,-1,-1,53.7523
4758.mp4,-1,-1,33.3419
241.mp4,-1,-1,65.7755
448.mp4,-1,-1,52.3906
1455.mp4,-1,-1,57.4835
2177.mp4,-1,-1,26.5895
4934.mp4,-1,-1,46.2999
4452.mp4,-1,-1,43.2455
906.mp4,-1,-1,55.3485
1582.mp4,-1,-1,74.3155
2117.mp4,-1,-1,47.7073
2461.mp4,-1,-1,59.4425
754.mp4,-1,-1,62.5289
4939.mp4,-1,-1,45.2384
1814.mp4,-1,-1,44.8402
5448.mp4,-1,-1,60.9487
3573.mp4,-1,-1,28.4411
4522.mp4,-1,-1,43.3726
1619.mp4,-1,-1,40.7357
2724.mp4,-1,-1,41.7204
4709.mp4,-1,-1,51.373
1884.mp4,-1,-1,43.2771
4544.mp4,-1,-1,43.5911
1635.mp4,-1,-1,55.4011
6028.mp4,-1,-1,63.0838
3760.mp4,-1,-1,58.0981
3881.mp4,-1,-1,38.876
1629.mp4,-1,-1,60.0061
1157.mp4,-1,-1,42.8722
4671.mp4,-1,-1,46.1509
2766.mp4,-1,-1,56.5471
5985.mp4,-1,-1,50.3406
6070.mp4,-1,-1,51.8433
3847.mp4,-1,-1,53.765
3451.mp4,-1,-1,55.5685
463.mp4,-1,-1,55.0859
362.mp4,-1,-1,59.9475
3058.mp4,-1,-1,55.2376
4795.mp4,-1,-1,56.0015
2385.mp4,-1,-1,62.4738
4876.mp4,-1,-1,51.3958
5333.mp4,-1,-1,52.0558
1852.mp4,-1,-1,62.9411
555.mp4,-1,-1,53.3832
442.mp4,-1,-1,50.8633
4868.mp4,-1,-1,46.219
1374.mp4,-1,-1,51.6004
5699.mp4,-1,-1,24.7588
3502.mp4,-1,-1,36.8722
1177.mp4,-1,-1,47.5482
248.mp4,-1,-1,42.83
2216.mp4,-1,-1,60.1886
4530.mp4,-1,-1,32.2756
4196.mp4,-1,-1,50.1046
5755.mp4,-1,-1,38.8291
5822.mp4,-1,-1,65.5136
1786.mp4,-1,-1,49.7128
503.mp4,-1,-1,50.943
2196.mp4,-1,-1,49.5864
2411.mp4,-1,-1,38.7011
4024.mp4,-1,-1,40.2072
1252.mp4,-1,-1,60.801
556.mp4,-1,-1,50.489
2100.mp4,-1,-1,49.7801
2420.mp4,-1,-1,57.3347
6244.mp4,-1,-1,60.1529
1357.mp4,-1,-1,32.191
334.mp4,-1,-1,44.9606
3680.mp4,-1,-1,63.2817
1134.mp4,-1,-1,47.8985
2658.mp4,-1,-1,57.6085
5728.mp4,-1,-1,58.5586
5991.mp4,-1,-1,38.9983
2998.mp4,-1,-1,53.5203
779.mp4,-1,-1,59.3762
3241.mp4,-1,-1,25.1998
3283.mp4,-1,-1,42.7007
3660.mp4,-1,-1,49.3518
1193.mp4,-1,-1,65.7139
1240.mp4,-1,-1,49.4334
5844.mp4,-1,-1,67.3265
1305.mp4,-1,-1,51.4102
5074.mp4,-1,-1,37.5639
3737.mp4,-1,-1,46.4824
2769.mp4,-1,-1,45.0195
544.mp4,-1,-1,56.4797
1555.mp4,-1,-1,68.1064
1569.mp4,-1,-1,44.2902
1718.mp4,-1,-1,55.7148
1115.mp4,-1,-1,54.333
2310.mp4,-1,-1,56.4366
3323.mp4,-1,-1,50.7634
5060.mp4,-1,-1,49.7982
1856.mp4,-1,-1,68.4274
6145.mp4,-1,-1,56.9238
5597.mp4,-1,-1,62.4894
726.mp4,-1,-1,71.7534
2926.mp4,-1,-1,58.8235
3928.mp4,-1,-1,52.6276
770.mp4,-1,-1,63.6337
576.mp4,-1,-1,50.4965
3541.mp4,-1,-1,53.3709
3607.mp4,-1,-1,34.2652
5244.mp4,-1,-1,44.6231
763.mp4,-1,-1,34.1891
2111.mp4,-1,-1,42.0003
5862.mp4,-1,-1,52.661
927.mp4,-1,-1,57.4081
2439.mp4,-1,-1,50.326
5253.mp4,-1,-1,47.3842
2810.mp4,-1,-1,23.6841
6162.mp4,-1,-1,45.9423
6143.mp4,-1,-1,65.0621
1424.mp4,-1,-1,64.2677
3195.mp4,-1,-1,51.6185
4325.mp4,-1,-1,67.0799
4642.mp4,-1,-1,48.9894
889.mp4,-1,-1,40.4034
3321.mp4,-1,-1,56.8345
5522.mp4,-1,-1,52.1911
109.mp4,-1,-1,64.8961
4340.mp4,-1,-1,40.2209
487.mp4,-1,-1,20.0219
4787.mp4,-1,-1,55.8772
5692.mp4,-1,-1,46.5437
2550.mp4,-1,-1,55.5447
2689.mp4,-1,-1,62.3967
2621.mp4,-1,-1,62.7196
3461.mp4,-1,-1,25.2723
5460.mp4,-1,-1,35.2311
435.mp4,-1,-1,69.261
3542.mp4,-1,-1,19.8399
5282.mp4,-1,-1,62.5039
134.mp4,-1,-1,71.7431
2218.mp4,-1,-1,58.5956
5263.mp4,-1,-1,51.8539
3112.mp4,-1,-1,61.5087
620.mp4,-1,-1,60.7501
943.mp4,-1,-1,42.2841
2684.mp4,-1,-1,51.2655
4471.mp4,-1,-1,54.8092
678.mp4,-1,-1,45.0508
5391.mp4,-1,-1,37.0035
1822.mp4,-1,-1,39.9671
791.mp4,-1,-1,42.3763
290.mp4,-1,-1,36.184
2515.mp4,-1,-1,48.5912
3141.mp4,-1,-1,65.6822
4022.mp4,-1,-1,33.5321
6119.mp4,-1,-1,57.9275
2967.mp4,-1,-1,31.7854
4202.mp4,-1,-1,57.5112
897.mp4,-1,-1,38.7364
5574.mp4,-1,-1,58.3745
5170.mp4,-1,-1,54.9216
1836.mp4,-1,-1,72.5159
2637.mp4,-1,-1,47.1168
1705.mp4,-1,-1,24.2353
4349.mp4,-1,-1,29.2004
3650.mp4,-1,-1,63.3456
975.mp4,-1,-1,28.9612
1473.mp4,-1,-1,36.8775
2239.mp4,-1,-1,57.2981
685.mp4,-1,-1,43.1308
2848.mp4,-1,-1,43.5177
3853.mp4,-1,-1,56.4127
778.mp4,-1,-1,49.9148
3657.mp4,-1,-1,43.4696
4445.mp4,-1,-1,46.6617
2996.mp4,-1,-1,51.6593
6178.mp4,-1,-1,17.6585
5827.mp4,-1,-1,63.2066
964.mp4,-1,-1,40.7775
854.mp4,-1,-1,31.5484
4695.mp4,-1,-1,56.3771
2096.mp4,-1,-1,35.6394
3443.mp4,-1,-1,52.0792
4035.mp4,-1,-1,59.3784
899.mp4,-1,-1,53.8695
5034.mp4,-1,-1,52.0635
4797.mp4,-1,-1,50.5694
3469.mp4,-1,-1,46.889
1405.mp4,-1,-1,63.2239
1827.mp4,-1,-1,45.0534
748.mp4,-1,-1,60.5694
2838.mp4,-1,-1,53.1903
3745.mp4,-1,-1,56.5191
998.mp4,-1,-1,24.403
5656.mp4,-1,-1,45.7949
924.mp4,-1,-1,50.1002
4562.mp4,-1,-1,62.8341
5383.mp4,-1,-1,43.0303
2874.mp4,-1,-1,60.9023
5350.mp4,-1,-1,53.1771
1896.mp4,-1,-1,34.0423
3293.mp4,-1,-1,44.0807
1967.mp4,-1,-1,59.5185
2091.mp4,-1,-1,56.2184
3471.mp4,-1,-1,57.3232
3063.mp4,-1,-1,52.6112
1072.mp4,-1,-1,55.2028
1661.mp4,-1,-1,47.5077
5922.mp4,-1,-1,41.7825
5861.mp4,-1,-1,45.9204
4860.mp4,-1,-1,45.2099
3311.mp4,-1,-1,56.4875
1778.mp4,-1,-1,58.6156
436.mp4,-1,-1,60.4537
3653.mp4,-1,-1,61.3876
624.mp4,-1,-1,38.7016
4252.mp4,-1,-1,60.8857
2245.mp4,-1,-1,56.7882
3515.mp4,-1,-1,35.5331
560.mp4,-1,-1,51.6644
988.mp4,-1,-1,47.7942
2587.mp4,-1,-1,54.8507
5929.mp4,-1,-1,66.1668
2408.mp4,-1,-1,62.4831
2625.mp4,-1,-1,38.0945
4920.mp4,-1,-1,67.0143
3483.mp4,-1,-1,58.024
5040.mp4,-1,-1,55.1612
6154.mp4,-1,-1,15.3515
2274.mp4,-1,-1,50.3007
496.mp4,-1,-1,37.0953
6175.mp4,-1,-1,62.3956
2257.mp4,-1,-1,47.9881
1090.mp4,-1,-1,37.8455
4149.mp4,-1,-1,57.2855
6073.mp4,-1,-1,56.4047
5538.mp4,-1,-1,22.3385
5142.mp4,-1,-1,47.9788
3783.mp4,-1,-1,21.3203
5828.mp4,-1,-1,67.8227
4664.mp4,-1,-1,41.5593
2922.mp4,-1,-1,31.0989
1864.mp4,-1,-1,59.4188
2884.mp4,-1,-1,57.9567
3553.mp4,-1,-1,48.3286
4645.mp4,-1,-1,46.6717
2322.mp4,-1,-1,46.9017
3236.mp4,-1,-1,43.9985
2361.mp4,-1,-1,62.1002
4222.mp4,-1,-1,51.8983
3978.mp4,-1,-1,3.79179
1909.mp4,-1,-1,63.9376
1980.mp4,-1,-1,52.3589
3531.mp4,-1,-1,47.313
2279.mp4,-1,-1,50.5943
5984.mp4,-1,-1,41.3621
2525.mp4,-1,-1,28.4809
5018.mp4,-1,-1,56.2985
4628.mp4,-1,-1,41.7109
1131.mp4,-1,-1,40.8285
1639.mp4,-1,-1,48.2996
5163.mp4,-1,-1,41.3136
5711.mp4,-1,-1,40.3656
4740.mp4,-1,-1,56.5987
4478.mp4,-1,-1,62.7227
1413.mp4,-1,-1,60.3496
3238.mp4,-1,-1,43.0163
4015.mp4,-1,-1,61.1385
3019.mp4,-1,-1,36.0073
5662.mp4,-1,-1,52.9773
3523.mp4,-1,-1,56.9841
336.mp4,-1,-1,42.9677
2276.mp4,-1,-1,55.2164
1354.mp4,-1,-1,47.0279
3326.mp4,-1,-1,59.2186
5835.mp4,-1,-1,19.5027
3181.mp4,-1,-1,48.5307
71.mp4,-1,-1,58.6761
2217.mp4,-1,-1,51.5527
1206.mp4,-1,-1,51.661
4882.mp4,-1,-1,48.674
513.mp4,-1,-1,54.4074
3177.mp4,-1,-1,61.2836
4633.mp4,-1,-1,49.2769
3626.mp4,-1,-1,69.7439
504.mp4,-1,-1,55.2139
6202.mp4,-1,-1,60.99
5766.mp4,-1,-1,43.4975
4823.mp4,-1,-1,49.8924
4335.mp4,-1,-1,46.0985
4771.mp4,-1,-1,56.1803
1094.mp4,-1,-1,58.289
1008.mp4,-1,-1,24.0869
5239.mp4,-1,-1,47.2001
5988.mp4,-1,-1,34.8591
5727.mp4,-1,-1,54.4406
3781.mp4,-1,-1,34.2234
1476.mp4,-1,-1,50.5304
4579.mp4,-1,-1,46.0574
5311.mp4,-1,-1,54.5606
5358.mp4,-1,-1,50.3352
2943.mp4,-1,-1,50.4459
3082.mp4,-1,-1,26.7199
5706.mp4,-1,-1,38.8523
5256.mp4,-1,-1,60.9444
3569.mp4,-1,-1,46.5777
826.mp4,-1,-1,40.6121
1222.mp4,-1,-1,59.3637
2307.mp4,-1,-1,63.3264
5712.mp4,-1,-1,70.6677
2920.mp4,-1,-1,59.5706
663.mp4,-1,-1,66.1987
4503.mp4,-1,-1,42.1811
481.mp4,-1,-1,56.8689
5150.mp4,-1,-1,58.856
691.mp4,-1,-1,51.344
63.mp4,-1,-1,52.0793
3805.mp4,-1,-1,55.4557
6018.mp4,-1,-1,38.2325
5524.mp4,-1,-1,35.1448
5653.mp4,-1,-1,59.7934
591.mp4,-1,-1,54.4004
4775.mp4,-1,-1,35.1121
3402.mp4,-1,-1,28.318
4239.mp4,-1,-1,42.2776
3918.mp4,-1,-1,54.9904
3904.mp4,-1,-1,43.7368
1078.mp4,-1,-1,41.5382
1928.mp4,-1,-1,27.7905
188.mp4,-1,-1,40.6513
1231.mp4,-1,-1,46.5293
2930.mp4,-1,-1,52.9093
3890.mp4,-1,-1,50.9998
2870.mp4,-1,-1,44.6578
3081.mp4,-1,-1,52.6486
2865.mp4,-1,-1,45.8337
5710.mp4,-1,-1,40.0933
4055.mp4,-1,-1,45.9061
2506.mp4,-1,-1,74.0999
5716.mp4,-1,-1,42.9491
5638.mp4,-1,-1,37.7396
4904.mp4,-1,-1,64.2367
548.mp4,-1,-1,56.4804
1810.mp4,-1,-1,55.894
836.mp4,-1,-1,46.373
1311.mp4,-1,-1,58.5732
1538.mp4,-1,-1,64.7117
4559.mp4,-1,-1,57.5499
1566.mp4,-1,-1,33.1235
3243.mp4,-1,-1,52.4185
518.mp4,-1,-1,32.9254
1801.mp4,-1,-1,44.3352
1126.mp4,-1,-1,24.901
3659.mp4,-1,-1,59.2967
4780.mp4,-1,-1,55.7945
6127.mp4,-1,-1,52.2726
4626.mp4,-1,-1,64.1002
2601.mp4,-1,-1,59.4841
2742.mp4,-1,-1,56.0511
2081.mp4,-1,-1,54.4804
5435.mp4,-1,-1,64.1272
3370.mp4,-1,-1,35.342
1735.mp4,-1,-1,35.3514
3033.mp4,-1,-1,23.3206
4786.mp4,-1,-1,42.3712
2070.mp4,-1,-1,59.0303
97.mp4,-1,-1,68.084
3642.mp4,-1,-1,48.3378
2382.mp4,-1,-1,54.0389
1120.mp4,-1,-1,63.9198
1681.mp4,-1,-1,38.0559
2284.mp4,-1,-1,45.3046
5144.mp4,-1,-1,51.1394
2014.mp4,-1,-1,30.6858
4216.mp4,-1,-1,48.3105
1509.mp4,-1,-1,39.7525
1986.mp4,-1,-1,59.8762
3565.mp4,-1,-1,42.3086
3863.mp4,-1,-1,55.2734
644.mp4,-1,-1,53.7894
1423.mp4,-1,-1,54.2248
2726.mp4,-1,-1,49.3283
5767.mp4,-1,-1,52.6379
5204.mp4,-1,-1,42.8562
4250.mp4,-1,-1,58.2477
1092.mp4,-1,-1,49.0314
270.mp4,-1,-1,49.5441
851.mp4,-1,-1,43.2361
5486.mp4,-1,-1,26.1816
3635.mp4,-1,-1,50.0757
6185.mp4,-1,-1,19.2947
4634.mp4,-1,-1,48.9887
759.mp4,-1,-1,48.1878
70.mp4,-1,-1,32.5494
2095.mp4,-1,-1,39.6301
1680.mp4,-1,-1,59.5798
5841.mp4,-1,-1,48.5082
3604.mp4,-1,-1,65.034
3234.mp4,-1,-1,38.4778
1625.mp4,-1,-1,56.4325
6161.mp4,-1,-1,69.2983
5021.mp4,-1,-1,50.8246
6243.mp4,-1,-1,51.2729
2714.mp4,-1,-1,66.5155
1499.mp4,-1,-1,56.7217
5878.mp4,-1,-1,57.3271
5636.mp4,-1,-1,29.1443
3619.mp4,-1,-1,50.9615
3856.mp4,-1,-1,43.9295
4326.mp4,-1,-1,51.6175
4694.mp4,-1,-1,46.8085
1030.mp4,-1,-1,43.3633
2483.mp4,-1,-1,38.8823
3674.mp4,-1,-1,64.4072
3421.mp4,-1,-1,48.6029
1356.mp4,-1,-1,45.0775
6282.mp4,-1,-1,54.6313
5805.mp4,-1,-1,52.9631
5168.mp4,-1,-1,56.1146
3961.mp4,-1,-1,61.185
2604.mp4,-1,-1,58.9758
4707.mp4,-1,-1,54.9718
4384.mp4,-1,-1,59.9871
3736.mp4,-1,-1,51.4489
4458.mp4,-1,-1,54.5027
5356.mp4,-1,-1,50.1193
1428.mp4,-1,-1,34.8869
1213.mp4,-1,-1,55.6598
2558.mp4,-1,-1,59.4997
4702.mp4,-1,-1,46.5904
2549.mp4,-1,-1,54.7574
670.mp4,-1,-1,34.6912
36.mp4,-1,-1,53.9188
4899.mp4,-1,-1,49.3345
2026.mp4,-1,-1,46.0165
3188.mp4,-1,-1,46.3559
4360.mp4,-1,-1,39.2937
3413.mp4,-1,-1,49.738
5648.mp4,-1,-1,40.5359
2105.mp4,-1,-1,73.3036
392.mp4,-1,-1,50.2227
1007.mp4,-1,-1,53.8667
5258.mp4,-1,-1,69.9864
1658.mp4,-1,-1,65.9446
5325.mp4,-1,-1,49.7313
1143.mp4,-1,-1,59.5772
5008.mp4,-1,-1,45.0049
1160.mp4,-1,-1,45.215
281.mp4,-1,-1,46.3596
4798.mp4,-1,-1,35.4161
2024.mp4,-1,-1,61.2438
3838.mp4,-1,-1,38.8881
3349.mp4,-1,-1,37.8719
4564.mp4,-1,-1,48.7472
5514.mp4,-1,-1,39.2394
4131.mp4,-1,-1,48.2314
5585.mp4,-1,-1,57.1548
1631.mp4,-1,-1,70.3103
262.mp4,-1,-1,60.0069
5384.mp4,-1,-1,48.2874
452.mp4,-1,-1,39.1203
4537.mp4,-1,-1,45.3688
125.mp4,-1,-1,63.4849
3426.mp4,-1,-1,49.4635
1312.mp4,-1,-1,38.4546
296.mp4,-1,-1,51.3331
2153.mp4,-1,-1,62.6398
2834.mp4,-1,-1,52.5721
6112.mp4,-1,-1,53.0947
38.mp4,-1,-1,37.9137
5513.mp4,-1,-1,24.6302
4432.mp4,-1,-1,22.761
4075.mp4,-1,-1,44.2244
1063.mp4,-1,-1,33.6528
45.mp4,-1,-1,51.521
2995.mp4,-1,-1,39.2743
5341.mp4,-1,-1,32.7147
2378.mp4,-1,-1,68.9913
6121.mp4,-1,-1,41.9801
6056.mp4,-1,-1,55.985
2641.mp4,-1,-1,50.1238
1789.mp4,-1,-1,45.6271
2910.mp4,-1,-1,60.804
1766.mp4,-1,-1,43.7483
4437.mp4,-1,-1,44.3571
493.mp4,-1,-1,56.7518
3497.mp4,-1,-1,57.4069
5229.mp4,-1,-1,57.8822
4959.mp4,-1,-1,54.0549
3216.mp4,-1,-1,53.9128
3207.mp4,-1,-1,46.5368
3868.mp4,-1,-1,53.1826
3628.mp4,-1,-1,56.7982
1362.mp4,-1,-1,57.9536
672.mp4,-1,-1,71.4346
4869.mp4,-1,-1,60.1158
810.mp4,-1,-1,44.4123
1250.mp4,-1,-1,38.7321
5582.mp4,-1,-1,63.1787
5297.mp4,-1,-1,61.386
3089.mp4,-1,-1,56.3485
3410.mp4,-1,-1,59.6449
2768.mp4,-1,-1,48.53
2147.mp4,-1,-1,56.7504
3115.mp4,-1,-1,36.4014
2531.mp4,-1,-1,63.4372
4032.mp4,-1,-1,43.1161
5468.mp4,-1,-1,73.7777
4987.mp4,-1,-1,41.1654
5928.mp4,-1,-1,43.2577
5084.mp4,-1,-1,63.0605
5700.mp4,-1,-1,57.4618
4906.mp4,-1,-1,61.9819
6183.mp4,-1,-1,64.3573
2712.mp4,-1,-1,49.9358
1256.mp4,-1,-1,57.0977
5390.mp4,-1,-1,74.0034
1528.mp4,-1,-1,68.6874
1684.mp4,-1,-1,46.3079
230.mp4,-1,-1,50.1958
420.mp4,-1,-1,40.3241
3832.mp4,-1,-1,53.9223
3444.mp4,-1,-1,41.108
976.mp4,-1,-1,50.3488
4675.mp4,-1,-1,36.1011
4284.mp4,-1,-1,51.6386
2396.mp4,-1,-1,40.6418
5631.mp4,-1,-1,56.7191
3596.mp4,-1,-1,55.5145
5673.mp4,-1,-1,34.6322
4631.mp4,-1,-1,57.6388
5664.mp4,-1,-1,61.3105
3621.mp4,-1,-1,41.4077
697.mp4,-1,-1,40.6595
1328.mp4,-1,-1,68.7559
3612.mp4,-1,-1,66.6753
1168.mp4,-1,-1,39.0909
3449.mp4,-1,-1,25.3165
5189.mp4,-1,-1,40.0835
2074.mp4,-1,-1,58.0475
2073.mp4,-1,-1,38.4768
1460.mp4,-1,-1,37.5294
2992.mp4,-1,-1,65.8137
1573.mp4,-1,-1,54.5542
5278.mp4,-1,-1,66.5533
3844.mp4,-1,-1,39.8454
3080.mp4,-1,-1,44.0472
6207.mp4,-1,-1,47.3446
2288.mp4,-1,-1,63.1074
2645.mp4,-1,-1,54.7617
2832.mp4,-1,-1,40.1474
3690.mp4,-1,-1,60.1871
855.mp4,-1,-1,48.421
3779.mp4,-1,-1,68.2754
1577.mp4,-1,-1,58.164
181.mp4,-1,-1,53.9146
5009.mp4,-1,-1,55.1962
4957.mp4,-1,-1,49.3412
2962.mp4,-1,-1,63.4191
3925.mp4,-1,-1,58.7966
3127.mp4,-1,-1,36.3671
2626.mp4,-1,-1,55.31
2833.mp4,-1,-1,44.7326
5424.mp4,-1,-1,38.2881
3811.mp4,-1,-1,51.958
930.mp4,-1,-1,61.4174
5914.mp4,-1,-1,53.4762
4898.mp4,-1,-1,51.6412
2263.mp4,-1,-1,42.6769
969.mp4,-1,-1,45.4173
2646.mp4,-1,-1,32.2153
411.mp4,-1,-1,51.1306
2055.mp4,-1,-1,38.0408
1819.mp4,-1,-1,66.3625
1154.mp4,-1,-1,39.4811
774.mp4,-1,-1,60.2321
1121.mp4,-1,-1,22.0037
3450.mp4,-1,-1,47.1948
5600.mp4,-1,-1,56.6865
1620.mp4,-1,-1,45.5945
4596.mp4,-1,-1,63.969
2638.mp4,-1,-1,26.1367
563.mp4,-1,-1,43.0343
2923.mp4,-1,-1,35.9615
354.mp4,-1,-1,44.149
6209.mp4,-1,-1,35.195
3290.mp4,-1,-1,67.8519
4735.mp4,-1,-1,65.382
1077.mp4,-1,-1,61.3327
4016.mp4,-1,-1,26.3384
1860.mp4,-1,-1,59.4609
2805.mp4,-1,-1,54.9526
1376.mp4,-1,-1,48.7825
330.mp4,-1,-1,65.4111
1375.mp4,-1,-1,43.7121
3826.mp4,-1,-1,52.0726
4408.mp4,-1,-1,35.4887
5671.mp4,-1,-1,58.8043
825.mp4,-1,-1,50.8698
3792.mp4,-1,-1,51.6104
3313.mp4,-1,-1,53.2296
6275.mp4,-1,-1,61.0038
129.mp4,-1,-1,45.8642
3795.mp4,-1,-1,50.8234
4272.mp4,-1,-1,15.3903
3914.mp4,-1,-1,61.8252
374.mp4,-1,-1,50.4114
1576.mp4,-1,-1,55.2626
1605.mp4,-1,-1,43.9278
6060.mp4,-1,-1,48.6441
2107.mp4,-1,-1,31.2012
3768.mp4,-1,-1,60.6249
3392.mp4,-1,-1,46.7461
2938.mp4,-1,-1,48.4693
2789.mp4,-1,-1,54.4062
1985.mp4,-1,-1,41.152
3077.mp4,-1,-1,58.5654
5176.mp4,-1,-1,59.6674
1981.mp4,-1,-1,60.8278
4638.mp4,-1,-1,51.1708
5957.mp4,-1,-1,57.6085
2878.mp4,-1,-1,54.9315
126.mp4,-1,-1,52.8812
2952.mp4,-1,-1,55.179
2765.mp4,-1,-1,67.2015
5791.mp4,-1,-1,54.4195
5563.mp4,-1,-1,37.4342
4041.mp4,-1,-1,42.82
5462.mp4,-1,-1,29.8157
3457.mp4,-1,-1,49.3872
1717.mp4,-1,-1,70.952
2564.mp4,-1,-1,27.4452
338.mp4,-1,-1,59.2755
5029.mp4,-1,-1,48.7543
5503.mp4,-1,-1,67.6811
552.mp4,-1,-1,57.2934
294.mp4,-1,-1,37.4895
1293.mp4,-1,-1,53.9297
3731.mp4,-1,-1,36.5256
4660.mp4,-1,-1,48.1048
2459.mp4,-1,-1,46.5481
2118.mp4,-1,-1,48.292
1407.mp4,-1,-1,56.8575
6264.mp4,-1,-1,41.6131
3263.mp4,-1,-1,33.2166
1546.mp4,-1,-1,52.0191
1066.mp4,-1,-1,65.289
3509.mp4,-1,-1,40.5718
5123.mp4,-1,-1,54.7421
2725.mp4,-1,-1,36.2698
2154.mp4,-1,-1,52.0825
5793.mp4,-1,-1,58.997
6190.mp4,-1,-1,43.2152
1643.mp4,-1,-1,44.0375
2386.mp4,-1,-1,44.7602
2776.mp4,-1,-1,59.2633
4948.mp4,-1,-1,50.4837
2678.mp4,-1,-1,66.5914
4553.mp4,-1,-1,53.9499
4760.mp4,-1,-1,52.5271
5839.mp4,-1,-1,56.8361
2686.mp4,-1,-1,67.6838
2674.mp4,-1,-1,62.9174
5266.mp4,-1,-1,28.5288
387.mp4,-1,-1,44.0936
4538.mp4,-1,-1,55.8711
2377.mp4,-1,-1,58.2521
4678.mp4,-1,-1,47.5163
3308.mp4,-1,-1,60.5055
892.mp4,-1,-1,37.7507
1469.mp4,-1,-1,53.6482
5331.mp4,-1,-1,58.8987
1462.mp4,-1,-1,56.888
5411.mp4,-1,-1,45.1157
601.mp4,-1,-1,56.154
26.mp4,-1,-1,62.7163
4187.mp4,-1,-1,54.7653
2222.mp4,-1,-1,42.8293
4739.mp4,-1,-1,52.8728
517.mp4,-1,-1,55.3692
1794.mp4,-1,-1,66.4076
4379.mp4,-1,-1,48.5746
5667.mp4,-1,-1,42.1204
1753.mp4,-1,-1,59.3623
2165.mp4,-1,-1,50.3091
3341.mp4,-1,-1,70.0269
1441.mp4,-1,-1,55.2757
1123.mp4,-1,-1,60.9438
1226.mp4,-1,-1,58.7298
423.mp4,-1,-1,61.508
3102.mp4,-1,-1,30.3288
2120.mp4,-1,-1,46.1596
1184.mp4,-1,-1,63.3422
1436.mp4,-1,-1,42.9585
5264.mp4,-1,-1,50.2254
302.mp4,-1,-1,31.0005
4092.mp4,-1,-1,56.994
1550.mp4,-1,-1,54.1784
2939.mp4,-1,-1,49.8921
3210.mp4,-1,-1,58.465
3920.mp4,-1,-1,53.9152
3486.mp4,-1,-1,49.6045
1689.mp4,-1,-1,49.9223
3473.mp4,-1,-1,66.2723
5026.mp4,-1,-1,50.5021
5682.mp4,-1,-1,46.8394
5895.mp4,-1,-1,58.2208
2375.mp4,-1,-1,40.5155
3372.mp4,-1,-1,56.0449
1064.mp4,-1,-1,60.1119
812.mp4,-1,-1,57.9393
4999.mp4,-1,-1,43.3758
4150.mp4,-1,-1,36.633
2298.mp4,-1,-1,52.7826
2273.mp4,-1,-1,34.3496
5483.mp4,-1,-1,73.0752
4864.mp4,-1,-1,24.8125
5374.mp4,-1,-1,38.6165
2419.mp4,-1,-1,55.707
5443.mp4,-1,-1,57.5389
5095.mp4,-1,-1,56.7721
2735.mp4,-1,-1,53.3165
800.mp4,-1,-1,60.6142
42.mp4,-1,-1,52.1099
530.mp4,-1,-1,52.643
2933.mp4,-1,-1,46.9542
539.mp4,-1,-1,38.9843
4806.mp4,-1,-1,43.3967
1135.mp4,-1,-1,60.3118
3099.mp4,-1,-1,45.1448
3379.mp4,-1,-1,70.5775
5222.mp4,-1,-1,41.3474
2928.mp4,-1,-1,57.4603
5353.mp4,-1,-1,34.8361
1285.mp4,-1,-1,60.0265
3142.mp4,-1,-1,48.7579
3335.mp4,-1,-1,33.3253
3447.mp4,-1,-1,33.5159
3059.mp4,-1,-1,55.9377
4188.mp4,-1,-1,46.2454
5438.mp4,-1,-1,52.0075
1562.mp4,-1,-1,65.7039
4491.mp4,-1,-1,46.7993
1560.mp4,-1,-1,52.9109
1548.mp4,-1,-1,56.4711
5480.mp4,-1,-1,75.0961
4274.mp4,-1,-1,59.3541
4113.mp4,-1,-1,56.0732
1941.mp4,-1,-1,49.1246
2421.mp4,-1,-1,40.5735
4337.mp4,-1,-1,46.3052
4104.mp4,-1,-1,60.7751
4971.mp4,-1,-1,41.4284
3305.mp4,-1,-1,52.3449
883.mp4,-1,-1,58.0215
3615.mp4,-1,-1,66.9712
3848.mp4,-1,-1,59.8097
232.mp4,-1,-1,61.9138
936.mp4,-1,-1,37.7522
4103.mp4,-1,-1,47.4471
4190.mp4,-1,-1,59.9005
5146.mp4,-1,-1,42.0037
798.mp4,-1,-1,40.0469
1482.mp4,-1,-1,67.1758
3332.mp4,-1,-1,57.1563
351.mp4,-1,-1,47.5257
430.mp4,-1,-1,60.8849
5000.mp4,-1,-1,45.8984
4154.mp4,-1,-1,43.8757
2007.mp4,-1,-1,56.8629
1324.mp4,-1,-1,43.4725
5207.mp4,-1,-1,56.0474
4718.mp4,-1,-1,42.8093
1065.mp4,-1,-1,48.8014
3837.mp4,-1,-1,38.386
5385.mp4,-1,-1,35.6432
4581.mp4,-1,-1,53.1218
5560.mp4,-1,-1,51.7645
5555.mp4,-1,-1,63.0037
3726.mp4,-1,-1,55.2384
2456.mp4,-1,-1,24.232
1989.mp4,-1,-1,48.6082
4233.mp4,-1,-1,60.0934
5723.mp4,-1,-1,57.0187
6158.mp4,-1,-1,57.0861
69.mp4,-1,-1,59.4143
5784.mp4,-1,-1,60.811
1435.mp4,-1,-1,48.7007
67.mp4,-1,-1,52.7579
1241.mp4,-1,-1,57.8864
4654.mp4,-1,-1,58.6291
3268.mp4,-1,-1,60.3761
2183.mp4,-1,-1,57.5146
641.mp4,-1,-1,60.7336
5837.mp4,-1,-1,59.0009
4251.mp4,-1,-1,57.2025
480.mp4,-1,-1,54.1078
1248.mp4,-1,-1,56.1232
3663.mp4,-1,-1,39.2784
5749.mp4,-1,-1,60.9213
1874.mp4,-1,-1,55.4146
203.mp4,-1,-1,59.2374
3884.mp4,-1,-1,29.1003
1905.mp4,-1,-1,51.0696
4383.mp4,-1,-1,62.17
5473.mp4,-1,-1,52.7863
39.mp4,-1,-1,35.9861
4711.mp4,-1,-1,58.3304
2323.mp4,-1,-1,37.8323
3288.mp4,-1,-1,59.5979
4923.mp4,-1,-1,51.6073
1096.mp4,-1,-1,50.5905
2513.mp4,-1,-1,70.5675
1690.mp4,-1,-1,39.8222
2448.mp4,-1,-1,50.5062
444.mp4,-1,-1,57.3392
3882.mp4,-1,-1,57.6038
4769.mp4,-1,-1,53.4293
4394.mp4,-1,-1,58.6931
4879.mp4,-1,-1,41.4016
4733.mp4,-1,-1,48.2728
3893.mp4,-1,-1,39.7377
2932.mp4,-1,-1,59.6357
170.mp4,-1,-1,41.4387
2142.mp4,-1,-1,50.4702
1747.mp4,-1,-1,59.0548
1597.mp4,-1,-1,71.0853
4697.mp4,-1,-1,41.3868
5908.mp4,-1,-1,58.5312
4322.mp4,-1,-1,38.2228
6187.mp4,-1,-1,52.2067
1936.mp4,-1,-1,55.4917
6196.mp4,-1,-1,39.6056
4282.mp4,-1,-1,60.9704
2976.mp4,-1,-1,47.0833
1824.mp4,-1,-1,36.0714
5441.mp4,-1,-1,48.6352
4841.mp4,-1,-1,51.1919
6014.mp4,-1,-1,37.227
3910.mp4,-1,-1,56.9906
447.mp4,-1,-1,51.6125
3222.mp4,-1,-1,42.1042
5783.mp4,-1,-1,48.5259
2122.mp4,-1,-1,40.6163
2555.mp4,-1,-1,56.6019
1016.mp4,-1,-1,35.0874
6184.mp4,-1,-1,60.0464
4928.mp4,-1,-1,47.7377
553.mp4,-1,-1,42.3351
5179.mp4,-1,-1,55.0092
4749.mp4,-1,-1,54.8592
3453.mp4,-1,-1,60.2108
2873.mp4,-1,-1,60.264
2919.mp4,-1,-1,60.1193
5094.mp4,-1,-1,46.3669
2778.mp4,-1,-1,56.8602
3701.mp4,-1,-1,61.4745
5885.mp4,-1,-1,64.0478
1578.mp4,-1,-1,37.0562
322.mp4,-1,-1,69.9812
3079.mp4,-1,-1,42.1291
138.mp4,-1,-1,62.9248
631.mp4,-1,-1,52.1376
874.mp4,-1,-1,63.3028
5427.mp4,-1,-1,53.1532
4930.mp4,-1,-1,46.1535
2811.mp4,-1,-1,59.4244
4084.mp4,-1,-1,44.206
5730.mp4,-1,-1,28.8581
4370.mp4,-1,-1,48.9733
2268.mp4,-1,-1,58.4743
3137.mp4,-1,-1,49.8434
1679.mp4,-1,-1,25.7538
1517.mp4,-1,-1,60.225
675.mp4,-1,-1,65.1342
4627.mp4,-1,-1,59.8288
3750.mp4,-1,-1,53.4025
5379.mp4,-1,-1,49.8754
595.mp4,-1,-1,48.3633
840.mp4,-1,-1,55.7833
1322.mp4,-1,-1,71.6472
2518.mp4,-1,-1,38.1484
4348.mp4,-1,-1,43.2419
1791.mp4,-1,-1,57.1445
3799.mp4,-1,-1,49.4379
5504.mp4,-1,-1,36.4991
1571.mp4,-1,-1,32.6
2229.mp4,-1,-1,44.5597
4848.mp4,-1,-1,48.8378
5990.mp4,-1,-1,48.6526
1984.mp4,-1,-1,58.7421
777.mp4,-1,-1,57.7383
4822.mp4,-1,-1,48.4482
4507.mp4,-1,-1,37.083
3484.mp4,-1,-1,47.9053
5770.mp4,-1,-1,50.1516
4791.mp4,-1,-1,19.25
4320.mp4,-1,-1,46.5337
3101.mp4,-1,-1,35.2595
1947.mp4,-1,-1,48.8102
3061.mp4,-1,-1,52.5306
4984.mp4,-1,-1,48.405
5801.mp4,-1,-1,59.211
1650.mp4,-1,-1,51.165
946.mp4,-1,-1,46.8043
2498.mp4,-1,-1,64.1227
5768.mp4,-1,-1,45.7247
4506.mp4,-1,-1,50.6928
1403.mp4,-1,-1,51.2424
2685.mp4,-1,-1,54.7979
1062.mp4,-1,-1,36.1668
2230.mp4,-1,-1,52.8894
4050.mp4,-1,-1,67.1096
3806.mp4,-1,-1,40.2771
2900.mp4,-1,-1,37.7621
499.mp4,-1,-1,55.1409
3774.mp4,-1,-1,56.2972
2675.mp4,-1,-1,24.6059
4516.mp4,-1,-1,67.692
1920.mp4,-1,-1,63.8022
4253.mp4,-1,-1,41.9338
4264.mp4,-1,-1,53.5474
1443.mp4,-1,-1,49.1743
4605.mp4,-1,-1,44.9389
5654.mp4,-1,-1,46.5803
3202.mp4,-1,-1,63.2936
34.mp4,-1,-1,39.6648
10.mp4,-1,-1,55.0675
5378.mp4,-1,-1,52.7615
5077.mp4,-1,-1,47.722
3582.mp4,-1,-1,59.2882
581.mp4,-1,-1,54.7254
5103.mp4,-1,-1,17.6341
713.mp4,-1,-1,28.5962
4010.mp4,-1,-1,30.2418
4026.mp4,-1,-1,58.3979
391.mp4,-1,-1,48.3067
671.mp4,-1,-1,53.9798
5140.mp4,-1,-1,53.1068
5423.mp4,-1,-1,16.692
2882.mp4,-1,-1,47.2467
2200.mp4,-1,-1,71.6378
56.mp4,-1,-1,42.1279
2647.mp4,-1,-1,56.8715
3173.mp4,-1,-1,49.9333
4134.mp4,-1,-1,48.1922
2109.mp4,-1,-1,41.7667
4.mp4,-1,-1,68.807
117.mp4,-1,-1,48.7088
2731.mp4,-1,-1,66.9451
2190.mp4,-1,-1,59.4769
5388.mp4,-1,-1,27.997
5803.mp4,-1,-1,40.8298
3116.mp4,-1,-1,61.0507
977.mp4,-1,-1,52.5573
1771.mp4,-1,-1,39.1217
1977.mp4,-1,-1,43.8944
3459.mp4,-1,-1,44.8747
2206.mp4,-1,-1,49.6348
1657.mp4,-1,-1,66.372
5677.mp4,-1,-1,66.255
5548.mp4,-1,-1,63.9625
6153.mp4,-1,-1,50.339
3562.mp4,-1,-1,60.8371
3034.mp4,-1,-1,59.248
3376.mp4,-1,-1,61.6625
284.mp4,-1,-1,50.1294
4012.mp4,-1,-1,63.8854
3549.mp4,-1,-1,56.4769
935.mp4,-1,-1,30.7719
2598.mp4,-1,-1,51.3857
5534.mp4,-1,-1,48.3695
606.mp4,-1,-1,47.6904
1010.mp4,-1,-1,50.9492
4723.mp4,-1,-1,61.4602
1028.mp4,-1,-1,49.779
5896.mp4,-1,-1,54.9663
512.mp4,-1,-1,39.9201
2119.mp4,-1,-1,55.9781
1216.mp4,-1,-1,57.0011
1084.mp4,-1,-1,56.7147
1516.mp4,-1,-1,53.9289
3609.mp4,-1,-1,57.3408
4129.mp4,-1,-1,62.2946
3536.mp4,-1,-1,50.5931
645.mp4,-1,-1,47.3239
1212.mp4,-1,-1,44.5774
521.mp4,-1,-1,46.9288
1098.mp4,-1,-1,66.2226
1999.mp4,-1,-1,46.8021
2380.mp4,-1,-1,18.271
5042.mp4,-1,-1,42.4788
4407.mp4,-1,-1,40.1149
6271.mp4,-1,-1,49.6987
5324.mp4,-1,-1,62.1662
4153.mp4,-1,-1,43.1852
2503.mp4,-1,-1,58.7064
3045.mp4,-1,-1,19.2183
3574.mp4,-1,-1,54.4179
3247.mp4,-1,-1,49.8341
4405.mp4,-1,-1,47.744
3365.mp4,-1,-1,55.5933
5044.mp4,-1,-1,49.1156
1698.mp4,-1,-1,43.9855
2300.mp4,-1,-1,60.2612
1288.mp4,-1,-1,62.4306
578.mp4,-1,-1,47.7754
3460.mp4,-1,-1,41.3717
2916.mp4,-1,-1,38.2064
4698.mp4,-1,-1,56.2278
2435.mp4,-1,-1,27.6343
4019.mp4,-1,-1,51.7342
4059.mp4,-1,-1,58.4637
665.mp4,-1,-1,41.1829
734.mp4,-1,-1,64.5576
4686.mp4,-1,-1,52.8571
1938.mp4,-1,-1,36.0723
3570.mp4,-1,-1,65.0303
626.mp4,-1,-1,32.3819
2868.mp4,-1,-1,36.162
2941.mp4,-1,-1,49.1409
370.mp4,-1,-1,63.0242
3865.mp4,-1,-1,42.2341
668.mp4,-1,-1,51.5116
1632.mp4,-1,-1,51.0761
5105.mp4,-1,-1,39.2126
2277.mp4,-1,-1,38.6514
1453.mp4,-1,-1,44.9452
1738.mp4,-1,-1,45.098
1490.mp4,-1,-1,55.83
5630.mp4,-1,-1,54.2548
3224.mp4,-1,-1,50.5896
3958.mp4,-1,-1,25.6959
6049.mp4,-1,-1,44.8953
102.mp4,-1,-1,66.6892
1187.mp4,-1,-1,63.699
6232.mp4,-1,-1,42.0574
4083.mp4,-1,-1,50.4266
3144.mp4,-1,-1,68.5119
254.mp4,-1,-1,55.3493
3358.mp4,-1,-1,58.905
192.mp4,-1,-1,59.1226
3337.mp4,-1,-1,50.7868
6094.mp4,-1,-1,63.2569
4390.mp4,-1,-1,47.9656
365.mp4,-1,-1,51.4393
5076.mp4,-1,-1,56.743
2471.mp4,-1,-1,69.0839
5481.mp4,-1,-1,43.793
256.mp4,-1,-1,30.1628
4481.mp4,-1,-1,62.7797
5652.mp4,-1,-1,38.8547
3999.mp4,-1,-1,39.8396
4625.mp4,-1,-1,62.8299
1465.mp4,-1,-1,38.9927
1844.mp4,-1,-1,43.5918
2980.mp4,-1,-1,61.9807
5611.mp4,-1,-1,55.2304
3198.mp4,-1,-1,25.1826
3278.mp4,-1,-1,66.4675
824.mp4,-1,-1,53.3263
4949.mp4,-1,-1,42.5618
3096.mp4,-1,-1,51.6067
1742.mp4,-1,-1,57.195
580.mp4,-1,-1,63.0052
2440.mp4,-1,-1,49.6438
4377.mp4,-1,-1,35.322
2466.mp4,-1,-1,57.7583
5433.mp4,-1,-1,44.8241
3492.mp4,-1,-1,37.902
2048.mp4,-1,-1,36.7623
1340.mp4,-1,-1,60.198
2890.mp4,-1,-1,45.6609
1279.mp4,-1,-1,39.4014
3028.mp4,-1,-1,57.0524
2660.mp4,-1,-1,57.352
1433.mp4,-1,-1,55.7458
796.mp4,-1,-1,33.7209
592.mp4,-1,-1,48.0334
3691.mp4,-1,-1,31.7151
789.mp4,-1,-1,60.1972
2982.mp4,-1,-1,42.9829
4854.mp4,-1,-1,43.9078
1787.mp4,-1,-1,58.4671
3757.mp4,-1,-1,33.2632
569.mp4,-1,-1,43.9689
3755.mp4,-1,-1,43.2725
4662.mp4,-1,-1,34.176
3873.mp4,-1,-1,64.7254
4180.mp4,-1,-1,71.1468
1174.mp4,-1,-1,36.7776
5152.mp4,-1,-1,58.9806
765.mp4,-1,-1,52.0721
1518.mp4,-1,-1,39.0762
2208.mp4,-1,-1,54.8268
3196.mp4,-1,-1,65.3069
4683.mp4,-1,-1,44.9757
4136.mp4,-1,-1,50.3708
5519.mp4,-1,-1,57.1386
2908.mp4,-1,-1,58.1772
3478.mp4,-1,-1,67.3815
250.mp4,-1,-1,65.7604
5868.mp4,-1,-1,56.134
358.mp4,-1,-1,56.5164
6261.mp4,-1,-1,58.9071
2441.mp4,-1,-1,36.4247
5886.mp4,-1,-1,48.0117
3571.mp4,-1,-1,46.3016
1468.mp4,-1,-1,39.5091
4431.mp4,-1,-1,40.214
4385.mp4,-1,-1,72.0514
408.mp4,-1,-1,59.2395
5661.mp4,-1,-1,45.9557
5132.mp4,-1,-1,45.2832
92.mp4,-1,-1,45.871
2927.mp4,-1,-1,32.7365
2082.mp4,-1,-1,59.9848
4398.mp4,-1,-1,71.7442
3713.mp4,-1,-1,56.7783
4583.mp4,-1,-1,37.5641
1996.mp4,-1,-1,67.2091
245.mp4,-1,-1,41.909
2447.mp4,-1,-1,53.5238
4644.mp4,-1,-1,38.1559
406.mp4,-1,-1,41.7599
4334.mp4,-1,-1,46.1608
2747.mp4,-1,-1,49.5532
5787.mp4,-1,-1,53.6629
3527.mp4,-1,-1,58.4822
5091.mp4,-1,-1,48.0797
1654.mp4,-1,-1,40.3104
6051.mp4,-1,-1,56.4021
1604.mp4,-1,-1,43.9106
792.mp4,-1,-1,55.0587
2353.mp4,-1,-1,62.5024
1708.mp4,-1,-1,39.2901
5540.mp4,-1,-1,59.1045
5031.mp4,-1,-1,54.4399
4418.mp4,-1,-1,38.2306
3648.mp4,-1,-1,48.5678
2888.mp4,-1,-1,39.1591
5373.mp4,-1,-1,48.1882
3638.mp4,-1,-1,51.6583
5788.mp4,-1,-1,64.4199
4224.mp4,-1,-1,52.9753
1886.mp4,-1,-1,49.5807
5426.mp4,-1,-1,53.3244
22.mp4,-1,-1,41.5878
4375.mp4,-1,-1,57.5361
885.mp4,-1,-1,66.5615
3828.mp4,-1,-1,65.2818
4540.mp4,-1,-1,64.0543
1526.mp4,-1,-1,53.1101
4565.mp4,-1,-1,55.1905
972.mp4,-1,-1,36.496
5789.mp4,-1,-1,51.3717
6025.mp4,-1,-1,62.3398
3442.mp4,-1,-1,45.3254
4570.mp4,-1,-1,53.6032
5464.mp4,-1,-1,69.1728
1390.mp4,-1,-1,37.7399
2256.mp4,-1,-1,17.5108
5663.mp4,-1,-1,65.3117
533.mp4,-1,-1,45.143
1907.mp4,-1,-1,42.5265
1027.mp4,-1,-1,55.032
3683.mp4,-1,-1,44.7688
1911.mp4,-1,-1,53.2208
5459.mp4,-1,-1,61.3573
4052.mp4,-1,-1,66.3282
1242.mp4,-1,-1,38.6759
2232.mp4,-1,-1,57.8331
2199.mp4,-1,-1,58.8517
1452.mp4,-1,-1,38.2039
2670.mp4,-1,-1,16.2082
2597.mp4,-1,-1,61.2426
298.mp4,-1,-1,32.0043
2736.mp4,-1,-1,57.0654
2648.mp4,-1,-1,46.2767
1692.mp4,-1,-1,46.7732
2306.mp4,-1,-1,42.6943
4197.mp4,-1,-1,33.7244
3555.mp4,-1,-1,40.6603
156.mp4,-1,-1,61.7135
6242.mp4,-1,-1,52.4753
3213.mp4,-1,-1,44.5381
961.mp4,-1,-1,23.9097
2434.mp4,-1,-1,58.7255
2365.mp4,-1,-1,56.9192
1286.mp4,-1,-1,34.696
4518.mp4,-1,-1,57.2516
6241.mp4,-1,-1,36.2367
4208.mp4,-1,-1,56.595
4245.mp4,-1,-1,50.1186
3859.mp4,-1,-1,40.1448
2437.mp4,-1,-1,59.7125
3228.mp4,-1,-1,63.1398
5944.mp4,-1,-1,29.7891
2301.mp4,-1,-1,27.3843
4183.mp4,-1,-1,67.5449
2983.mp4,-1,-1,54.4993
6071.mp4,-1,-1,52.6902
5753.mp4,-1,-1,58.3333
461.mp4,-1,-1,50.4696
1666.mp4,-1,-1,35.4054
3260.mp4,-1,-1,52.6071
261.mp4,-1,-1,49.0318
5220.mp4,-1,-1,58.0864
996.mp4,-1,-1,59.7809
1087.mp4,-1,-1,56.786
2309.mp4,-1,-1,63.0524
154.mp4,-1,-1,57.7196
4815.mp4,-1,-1,59.1427
4025.mp4,-1,-1,58.2115
4576.mp4,-1,-1,60.9158
6040.mp4,-1,-1,34.229
3867.mp4,-1,-1,45.4389
1930.mp4,-1,-1,52.1663
3428.mp4,-1,-1,65.2448
809.mp4,-1,-1,49.5967
4333.mp4,-1,-1,46.9173
1296.mp4,-1,-1,46.7195
2249.mp4,-1,-1,38.692
1997.mp4,-1,-1,62.6152
5603.mp4,-1,-1,50.1749
947.mp4,-1,-1,53.2697
5106.mp4,-1,-1,57.4584
957.mp4,-1,-1,64.0665
616.mp4,-1,-1,32.0519
2058.mp4,-1,-1,57.186
1290.mp4,-1,-1,48.4887
908.mp4,-1,-1,38.9006
2901.mp4,-1,-1,57.8715
871.mp4,-1,-1,62.6928
6277.mp4,-1,-1,42.6289
1274.mp4,-1,-1,26.34
6221.mp4,-1,-1,50.2844
5760.mp4,-1,-1,47.6901
5606.mp4,-1,-1,45.8347
2038.mp4,-1,-1,52.0489
733.mp4,-1,-1,56.2567
2350.mp4,-1,-1,47.1942
5813.mp4,-1,-1,56.8654
3639.mp4,-1,-1,44.0752
3984.mp4,-1,-1,62.3125
1344.mp4,-1,-1,38.9117
6117.mp4,-1,-1,49.3191
5495.mp4,-1,-1,60.1679
99.mp4,-1,-1,48.7885
1881.mp4,-1,-1,46.0459
2417.mp4,-1,-1,37.3028
3900.mp4,-1,-1,53.1821
890.mp4,-1,-1,55.1518
4536.mp4,-1,-1,60.1688
5829.mp4,-1,-1,57.2478
5209.mp4,-1,-1,43.2395
5052.mp4,-1,-1,54.8916
5672.mp4,-1,-1,33.4727
5061.mp4,-1,-1,43.2147
3467.mp4,-1,-1,35.0897
5977.mp4,-1,-1,53.9905
5586.mp4,-1,-1,60.0124
1002.mp4,-1,-1,64.9771
4708.mp4,-1,-1,64.7593
3309.mp4,-1,-1,56.3555
5518.mp4,-1,-1,63.0788
537.mp4,-1,-1,58.1187
3244.mp4,-1,-1,55.0642
1171.mp4,-1,-1,50.1764
4870.mp4,-1,-1,59.7176
891.mp4,-1,-1,50.0915
1105.mp4,-1,-1,44.2107
2000.mp4,-1,-1,58.4012
3086.mp4,-1,-1,42.8368
1767.mp4,-1,-1,55.6387
1261.mp4,-1,-1,40.9463
5323.mp4,-1,-1,36.1303
2600.mp4,-1,-1,59.9033
5589.mp4,-1,-1,48.1493
5234.mp4,-1,-1,48.1333
4788.mp4,-1,-1,50.0661
2634.mp4,-1,-1,26.0995
5869.mp4,-1,-1,62.8392
3834.mp4,-1,-1,62.3171
4428.mp4,-1,-1,47.9088
3153.mp4,-1,-1,40.9513
2468.mp4,-1,-1,44.2615
4883.mp4,-1,-1,62.0815
6053.mp4,-1,-1,50.0887
3399.mp4,-1,-1,55.7625
1456.mp4,-1,-1,36.2635
5295.mp4,-1,-1,58.746
6055.mp4,-1,-1,61.1594
5902.mp4,-1,-1,58.2485
1314.mp4,-1,-1,54.8368
2701.mp4,-1,-1,40.8451
66.mp4,-1,-1,26.4082
3251.mp4,-1,-1,49.9172
4361.mp4,-1,-1,53.6554
575.mp4,-1,-1,41.8919
2756.mp4,-1,-1,64.758
4897.mp4,-1,-1,64.4979
6151.mp4,-1,-1,49.5641
3158.mp4,-1,-1,59.4724
1415.mp4,-1,-1,37.4876
4176.mp4,-1,-1,58.5251
3235.mp4,-1,-1,46.9254
925.mp4,-1,-1,28.4738
384.mp4,-1,-1,38.715
4872.mp4,-1,-1,34.6015
5934.mp4,-1,-1,57.1867
5025.mp4,-1,-1,41.824
2443.mp4,-1,-1,37.5703
2114.mp4,-1,-1,59.0062
3065.mp4,-1,-1,50.8746
4415.mp4,-1,-1,21.4105
934.mp4,-1,-1,59.9232
1117.mp4,-1,-1,48.5651
4774.mp4,-1,-1,61.4373
5224.mp4,-1,-1,48.781
2332.mp4,-1,-1,45.6211
3029.mp4,-1,-1,44.3883
1727.mp4,-1,-1,47.8718
1670.mp4,-1,-1,66.2519
4736.mp4,-1,-1,47.2819
6269.mp4,-1,-1,48.2473
2698.mp4,-1,-1,21.0075
4095.mp4,-1,-1,17.3659
5201.mp4,-1,-1,52.8759
3016.mp4,-1,-1,53.3858
5143.mp4,-1,-1,27.7919
2853.mp4,-1,-1,38.7076
3552.mp4,-1,-1,50.665
4658.mp4,-1,-1,58.2322
3623.mp4,-1,-1,38.1808
2617.mp4,-1,-1,50.9392
5533.mp4,-1,-1,64.6893
6140.mp4,-1,-1,56.8117
1775.mp4,-1,-1,56.5135
5811.mp4,-1,-1,37.5821
369.mp4,-1,-1,52.6113
1726.mp4,-1,-1,47.5125
2316.mp4,-1,-1,21.6675
838.mp4,-1,-1,55.0103
4500.mp4,-1,-1,40.4305
5477.mp4,-1,-1,65.1168
5125.mp4,-1,-1,50.1849
2371.mp4,-1,-1,52.5015
4060.mp4,-1,-1,59.9095
450.mp4,-1,-1,42.8174
3409.mp4,-1,-1,51.8405
1603.mp4,-1,-1,66.0497
3692.mp4,-1,-1,55.1382
6036.mp4,-1,-1,23.8436
1697.mp4,-1,-1,60.2496
2835.mp4,-1,-1,46.9963
5797.mp4,-1,-1,62.057
2650.mp4,-1,-1,31.3124
2691.mp4,-1,-1,53.9544
419.mp4,-1,-1,61.0196
1315.mp4,-1,-1,51.9725
1185.mp4,-1,-1,67.9601
4339.mp4,-1,-1,55.454
2127.mp4,-1,-1,63.4063
2606.mp4,-1,-1,43.0383
5626.mp4,-1,-1,67.5576
6103.mp4,-1,-1,48.7429
629.mp4,-1,-1,44.3409
5696.mp4,-1,-1,61.6676
5227.mp4,-1,-1,56.3258
1133.mp4,-1,-1,58.9156
1773.mp4,-1,-1,39.0473
2236.mp4,-1,-1,57.3555
1166.mp4,-1,-1,42.746
5493.mp4,-1,-1,24.3416
886.mp4,-1,-1,53.6843
4354.mp4,-1,-1,47.1771
4844.mp4,-1,-1,57.6147
2354.mp4,-1,-1,50.9285
1813.mp4,-1,-1,40.8402
5732.mp4,-1,-1,59.5892
1061.mp4,-1,-1,54.0765
418.mp4,-1,-1,62.7256
5962.mp4,-1,-1,63.772
2913.mp4,-1,-1,45.9563
3872.mp4,-1,-1,64.3746
4297.mp4,-1,-1,53.5654
5033.mp4,-1,-1,46.4487
5110.mp4,-1,-1,33.5663
4734.mp4,-1,-1,53.8223
5420.mp4,-1,-1,59.4856
3265.mp4,-1,-1,56.4491
5806.mp4,-1,-1,50.881
346.mp4,-1,-1,29.9019
313.mp4,-1,-1,29.9192
6238.mp4,-1,-1,64.9935
1500.mp4,-1,-1,23.6271
171.mp4,-1,-1,38.1291
2188.mp4,-1,-1,36.0392
5219.mp4,-1,-1,57.902
3415.mp4,-1,-1,55.1925
2862.mp4,-1,-1,44.6579
4779.mp4,-1,-1,41.2905
2347.mp4,-1,-1,51.8084
4127.mp4,-1,-1,40.2528
3963.mp4,-1,-1,44.4106
324.mp4,-1,-1,60.7088
5169.mp4,-1,-1,42.2939
3930.mp4,-1,-1,72.3535
4669.mp4,-1,-1,63.9234
3561.mp4,-1,-1,59.6949
3817.mp4,-1,-1,66.6268
3485.mp4,-1,-1,60.9673
3463.mp4,-1,-1,54.7127
5372.mp4,-1,-1,50.7807
3989.mp4,-1,-1,50.546
3422.mp4,-1,-1,68.1186
2719.mp4,-1,-1,56.7768
4943.mp4,-1,-1,55.6238
3340.mp4,-1,-1,28.5086
224.mp4,-1,-1,65.4389
35.mp4,-1,-1,41.0782
4652.mp4,-1,-1,52.4933
6035.mp4,-1,-1,47.9887
3398.mp4,-1,-1,52.7284
2305.mp4,-1,-1,54.8672
4123.mp4,-1,-1,43.6698
2837.mp4,-1,-1,55.9195
3620.mp4,-1,-1,40.3276
2272.mp4,-1,-1,57.0916
3888.mp4,-1,-1,50.9162
1427.mp4,-1,-1,54.2809
914.mp4,-1,-1,62.2177
814.mp4,-1,-1,39.0345
1750.mp4,-1,-1,51.7026
2492.mp4,-1,-1,29.4932
5416.mp4,-1,-1,48.3327
1439.mp4,-1,-1,45.8694
72.mp4,-1,-1,43.3606
5145.mp4,-1,-1,35.3076
3758.mp4,-1,-1,56.589
507.mp4,-1,-1,24.032
887.mp4,-1,-1,30.188
6263.mp4,-1,-1,61.1311
5313.mp4,-1,-1,39.8255
5006.mp4,-1,-1,63.4608
2228.mp4,-1,-1,48.184
5415.mp4,-1,-1,27.4939
3088.mp4,-1,-1,52.4507
5442.mp4,-1,-1,62.0388
1975.mp4,-1,-1,56.5642
4483.mp4,-1,-1,50.9489
6032.mp4,-1,-1,34.4981
3634.mp4,-1,-1,39.1509
5521.mp4,-1,-1,55.127
2233.mp4,-1,-1,42.8902
4803.mp4,-1,-1,50.4797
3522.mp4,-1,-1,50.6048
2581.mp4,-1,-1,50.3572
5211.mp4,-1,-1,55.4736
2308.mp4,-1,-1,57.1526
1348.mp4,-1,-1,57.3295
2491.mp4,-1,-1,48.2669
4549.mp4,-1,-1,50.5272
113.mp4,-1,-1,38.9051
1108.mp4,-1,-1,57.8487
1557.mp4,-1,-1,67.678
5202.mp4,-1,-1,55.2157
2318.mp4,-1,-1,63.9854
1.mp4,-1,-1,41.1789
4071.mp4,-1,-1,39.2257
2593.mp4,-1,-1,47.508
2721.mp4,-1,-1,59.5591
2671.mp4,-1,-1,26.6769
3975.mp4,-1,-1,59.3153
297.mp4,-1,-1,56.3631
1051.mp4,-1,-1,30.6408
3693.mp4,-1,-1,54.9522
3767.mp4,-1,-1,50.4243
4547.mp4,-1,-1,44.5867
282.mp4,-1,-1,41.4297
3209.mp4,-1,-1,57.0379
3744.mp4,-1,-1,58.1917
4790.mp4,-1,-1,51.4245
96.mp4,-1,-1,48.6045
3193.mp4,-1,-1,41.1727
1149.mp4,-1,-1,47.4069
4753.mp4,-1,-1,54.8962
141.mp4,-1,-1,53.1979
844.mp4,-1,-1,38.53
1507.mp4,-1,-1,53.6801
118.mp4,-1,-1,20.1594
5866.mp4,-1,-1,50.9598
1278.mp4,-1,-1,56.584
2357.mp4,-1,-1,48.3448
5802.mp4,-1,-1,51.0181
6084.mp4,-1,-1,45.1614
3008.mp4,-1,-1,62.2242
2858.mp4,-1,-1,51.377
5228.mp4,-1,-1,54.4625
1070.mp4,-1,-1,48.5499
4242.mp4,-1,-1,67.6691
4539.mp4,-1,-1,56.9702
4663.mp4,-1,-1,51.3656
4068.mp4,-1,-1,69.2467
5128.mp4,-1,-1,58.9999
5246.mp4,-1,-1,61.5977
942.mp4,-1,-1,46.6138
500.mp4,-1,-1,71.1683
4744.mp4,-1,-1,42.849
376.mp4,-1,-1,62.6525
3418.mp4,-1,-1,49.8512
1352.mp4,-1,-1,52.6867
5733.mp4,-1,-1,50.4744
1146.mp4,-1,-1,33.1996
4304.mp4,-1,-1,46.2426
1953.mp4,-1,-1,44.6473
4200.mp4,-1,-1,40.4351
2102.mp4,-1,-1,56.9941
4160.mp4,-1,-1,63.4232
1011.mp4,-1,-1,44.9338
4921.mp4,-1,-1,62.2733
1346.mp4,-1,-1,64.1284
2311.mp4,-1,-1,50.0563
4721.mp4,-1,-1,31.0902
5210.mp4,-1,-1,47.875
2146.mp4,-1,-1,58.7069
3861.mp4,-1,-1,28.0641
4977.mp4,-1,-1,38.458
4687.mp4,-1,-1,41.1633
5933.mp4,-1,-1,55.7009
760.mp4,-1,-1,45.8208
1683.mp4,-1,-1,38.0229
5775.mp4,-1,-1,42.0004
5992.mp4,-1,-1,38.6844
323.mp4,-1,-1,41.8158
1630.mp4,-1,-1,40.7233
3078.mp4,-1,-1,44.8102
4080.mp4,-1,-1,42.3313
3625.mp4,-1,-1,49.6526
4994.mp4,-1,-1,49.4123
3397.mp4,-1,-1,46.0369
1707.mp4,-1,-1,66.1416
5406.mp4,-1,-1,37.6361
4448.mp4,-1,-1,43.1456
3401.mp4,-1,-1,30.1856
1611.mp4,-1,-1,49.9422
4801.mp4,-1,-1,48.0971
6077.mp4,-1,-1,64.4054
161.mp4,-1,-1,46.9979
1220.mp4,-1,-1,47.4316
5645.mp4,-1,-1,50.205
5754.mp4,-1,-1,54.9856
3289.mp4,-1,-1,56.6838
5956.mp4,-1,-1,58.6492
540.mp4,-1,-1,39.894
1308.mp4,-1,-1,50.8233
2349.mp4,-1,-1,58.9217
4849.mp4,-1,-1,59.4591
2816.mp4,-1,-1,44.7048
308.mp4,-1,-1,56.4201
2738.mp4,-1,-1,55.9715
1857.mp4,-1,-1,41.0231
3753.mp4,-1,-1,49.5739
3298.mp4,-1,-1,44.9734
264.mp4,-1,-1,40.8695
4263.mp4,-1,-1,36.5025
86.mp4,-1,-1,73.8953
2254.mp4,-1,-1,34.0491
1748.mp4,-1,-1,66.1698
536.mp4,-1,-1,59.8748
5690.mp4,-1,-1,47.9966
5357.mp4,-1,-1,47.5176
5646.mp4,-1,-1,44.1517
403.mp4,-1,-1,46.2538
3003.mp4,-1,-1,52.6453
5809.mp4,-1,-1,57.7993
847.mp4,-1,-1,37.9976
2455.mp4,-1,-1,34.8752
2359.mp4,-1,-1,48.6834
4966.mp4,-1,-1,45.3612
1254.mp4,-1,-1,55.3998
4298.mp4,-1,-1,66.3683
4489.mp4,-1,-1,46.3334
215.mp4,-1,-1,52.3872
1745.mp4,-1,-1,47.3316
371.mp4,-1,-1,51.8937
2449.mp4,-1,-1,53.9498
5705.mp4,-1,-1,69.2552
5232.mp4,-1,-1,49.7002
5840.mp4,-1,-1,22.8193
5731.mp4,-1,-1,42.2743
1459.mp4,-1,-1,29.7863
2167.mp4,-1,-1,52.0309
1349.mp4,-1,-1,44.729
5512.mp4,-1,-1,55.2405
3295.mp4,-1,-1,49.9086
3031.mp4,-1,-1,41.4009
2494.mp4,-1,-1,24.026
5154.mp4,-1,-1,42.1591
1395.mp4,-1,-1,61.4198
112.mp4,-1,-1,62.9752
3554.mp4,-1,-1,55.4257
5011.mp4,-1,-1,38.8735
4508.mp4,-1,-1,55.7026
4069.mp4,-1,-1,53.6701
2383.mp4,-1,-1,42.1984
5270.mp4,-1,-1,58.2614
2432.mp4,-1,-1,39.8439
4836.mp4,-1,-1,44.009
3676.mp4,-1,-1,66.3646
5904.mp4,-1,-1,37.7081
1238.mp4,-1,-1,43.0075
2664.mp4,-1,-1,66.4887
1873.mp4,-1,-1,56.5651
4207.mp4,-1,-1,64.6206
2056.mp4,-1,-1,60.6765
1086.mp4,-1,-1,46.8979
1725.mp4,-1,-1,50.5844
1668.mp4,-1,-1,40.1604
4329.mp4,-1,-1,47.6509
4811.mp4,-1,-1,39.7119
3044.mp4,-1,-1,59.8268
5050.mp4,-1,-1,58.0869
1249.mp4,-1,-1,66.8255
5120.mp4,-1,-1,56.2631
3740.mp4,-1,-1,32.3674
1741.mp4,-1,-1,38.7293
2247.mp4,-1,-1,48.7388
3211.mp4,-1,-1,56.1665
2002.mp4,-1,-1,41.3514
6168.mp4,-1,-1,58.4962
5903.mp4,-1,-1,47.5928
3165.mp4,-1,-1,48.9255
3706.mp4,-1,-1,56.3369
3655.mp4,-1,-1,55.7716
903.mp4,-1,-1,40.5504
5245.mp4,-1,-1,47.493
4865.mp4,-1,-1,57.0817
705.mp4,-1,-1,37.1668
4533.mp4,-1,-1,64.0317
5194.mp4,-1,-1,51.1285
3538.mp4,-1,-1,56.3831
