5235.mp4,-1,-1,68.6032
4212.mp4,-1,-1,50.6545
2597.mp4,-1,-1,62.0218
1222.mp4,-1,-1,55.8669
308.mp4,-1,-1,57.6009
1677.mp4,-1,-1,55.4837
2277.mp4,-1,-1,41.4478
1036.mp4,-1,-1,63.8594
5378.mp4,-1,-1,58.6748
4510.mp4,-1,-1,36.7855
1117.mp4,-1,-1,36.1579
2372.mp4,-1,-1,59.6964
300.mp4,-1,-1,28.3009
4410.mp4,-1,-1,52.3079
4297.mp4,-1,-1,47.6899
4694.mp4,-1,-1,41.0722
6154.mp4,-1,-1,47.4335
1229.mp4,-1,-1,53.271
1249.mp4,-1,-1,59.6114
374.mp4,-1,-1,68.5214
1397.mp4,-1,-1,53.8262
5008.mp4,-1,-1,43.6599
2906.mp4,-1,-1,41.3088
5796.mp4,-1,-1,46.7634
839.mp4,-1,-1,66.8831
1282.mp4,-1,-1,56.4223
2217.mp4,-1,-1,55.0743
5585.mp4,-1,-1,49.4108
3030.mp4,-1,-1,38.5814
4153.mp4,-1,-1,44.5248
5188.mp4,-1,-1,59.1881
2987.mp4,-1,-1,56.1984
4682.mp4,-1,-1,54.659
147.mp4,-1,-1,50.2747
604.mp4,-1,-1,33.1353
3749.mp4,-1,-1,48.0194
4917.mp4,-1,-1,62.1779
4779.mp4,-1,-1,43.7292
4636.mp4,-1,-1,32.908
4647.mp4,-1,-1,51.9572
2080.mp4,-1,-1,51.3965
783.mp4,-1,-1,44.9659
4943.mp4,-1,-1,53.6035
2833.mp4,-1,-1,42.5769
4714.mp4,-1,-1,46.3264
6191.mp4,-1,-1,54.5289
6039.mp4,-1,-1,57.3418
4660.mp4,-1,-1,49.6165
5855.mp4,-1,-1,63.3753
287.mp4,-1,-1,56.6357
2346.mp4,-1,-1,59.5809
1175.mp4,-1,-1,53.042
1697.mp4,-1,-1,53.176
2925.mp4,-1,-1,62.8197
4375.mp4,-1,-1,57.7147
2371.mp4,-1,-1,53.363
3740.mp4,-1,-1,23.8858
6203.mp4,-1,-1,50.726
3977.mp4,-1,-1,29.6997
5009.mp4,-1,-1,46.7486
129.mp4,-1,-1,37.7452
2590.mp4,-1,-1,50.2233
250.mp4,-1,-1,63.2646
5245.mp4,-1,-1,44.8218
284.mp4,-1,-1,44.2073
672.mp4,-1,-1,66.0623
4716.mp4,-1,-1,40.49
2841.mp4,-1,-1,57.0527
1896.mp4,-1,-1,42.6854
403.mp4,-1,-1,17.2278
2861.mp4,-1,-1,57.397
2076.mp4,-1,-1,51.3725
259.mp4,-1,-1,50.4214
2286.mp4,-1,-1,62.6405
4030.mp4,-1,-1,23.3896
3566.mp4,-1,-1,41.1311
3173.mp4,-1,-1,52.7329
3255.mp4,-1,-1,55.9808
4413.mp4,-1,-1,38.193
63.mp4,-1,-1,65.918
4934.mp4,-1,-1,59.3213
5307.mp4,-1,-1,51.3204
3445.mp4,-1,-1,61.1908
3982.mp4,-1,-1,45.9866
2617.mp4,-1,-1,55.3703
5870.mp4,-1,-1,52.8622
171.mp4,-1,-1,45.2652
4507.mp4,-1,-1,47.0431
1600.mp4,-1,-1,33.0354
2052.mp4,-1,-1,43.256
3712.mp4,-1,-1,52.1762
6212.mp4,-1,-1,49.8439
1953.mp4,-1,-1,52.0732
616.mp4,-1,-1,44.4
2182.mp4,-1,-1,53.1529
4300.mp4,-1,-1,34.9348
4894.mp4,-1,-1,54.8058
3263.mp4,-1,-1,40.1952
1214.mp4,-1,-1,12.8187
5332.mp4,-1,-1,49.7068
3436.mp4,-1,-1,29.1571
4744.mp4,-1,-1,48.1145
77.mp4,-1,-1,55.6225
496.mp4,-1,-1,50.4465
3656.mp4,-1,-1,50.2667
4586.mp4,-1,-1,49.3983
3081.mp4,-1,-1,56.501
5663.mp4,-1,-1,54.91
4610.mp4,-1,-1,34.8628
4809.mp4,-1,-1,55.8048
5010.mp4,-1,-1,62.814
3706.mp4,-1,-1,53.4784
1748.mp4,-1,-1,52.7012
1023.mp4,-1,-1,66.7105
1363.mp4,-1,-1,58.175
5197.mp4,-1,-1,53.4251
1746.mp4,-1,-1,45.5554
2902.mp4,-1,-1,58.3918
2405.mp4,-1,-1,36.0824
5370.mp4,-1,-1,32.939
2146.mp4,-1,-1,58.3202
4639.mp4,-1,-1,53.2659
473.mp4,-1,-1,45.6996
6094.mp4,-1,-1,50.2609
1566.mp4,-1,-1,32.2592
5583.mp4,-1,-1,56.4002
529.mp4,-1,-1,56.6932
5390.mp4,-1,-1,64.1039
2686.mp4,-1,-1,63.1274
3792.mp4,-1,-1,45.8441
3231.mp4,-1,-1,54.891
6276.mp4,-1,-1,63.2649
928.mp4,-1,-1,47.3457
1525.mp4,-1,-1,47.6918
261.mp4,-1,-1,45.5876
4100.mp4,-1,-1,58.509
79.mp4,-1,-1,60.9673
6245.mp4,-1,-1,51.2249
2234.mp4,-1,-1,56.1013
766.mp4,-1,-1,52.7435
2529.mp4,-1,-1,68.6611
4103.mp4,-1,-1,46.5067
551.mp4,-1,-1,53.0014
4206.mp4,-1,-1,57.9057
3754.mp4,-1,-1,59.9818
89.mp4,-1,-1,49.7411
4374.mp4,-1,-1,57.4668
1827.mp4,-1,-1,51.0455
3695.mp4,-1,-1,61.9032
5868.mp4,-1,-1,54.1755
154.mp4,-1,-1,53.0432
1149.mp4,-1,-1,43.6309
5740.mp4,-1,-1,51.009
4355.mp4,-1,-1,57.8969
3097.mp4,-1,-1,47.4907
2352.mp4,-1,-1,44.1051
834.mp4,-1,-1,53.0648
5519.mp4,-1,-1,55.0862
5541.mp4,-1,-1,54.5546
4749.mp4,-1,-1,50.006
1862.mp4,-1,-1,28.3253
1387.mp4,-1,-1,52.48
1330.mp4,-1,-1,29.8433
5762.mp4,-1,-1,55.9125
1081.mp4,-1,-1,48.1947
3737.mp4,-1,-1,56.5368
1230.mp4,-1,-1,38.2888
1170.mp4,-1,-1,55.4257
435.mp4,-1,-1,63.7838
2203.mp4,-1,-1,52.2842
3984.mp4,-1,-1,59.8681
3528.mp4,-1,-1,61.4048
2353.mp4,-1,-1,57.5315
2528.mp4,-1,-1,34.7594
3492.mp4,-1,-1,41.0788
997.mp4,-1,-1,48.3081
2068.mp4,-1,-1,56.3137
1202.mp4,-1,-1,51.0481
3551.mp4,-1,-1,55.2225
4198.mp4,-1,-1,49.2477
149.mp4,-1,-1,33.6288
3163.mp4,-1,-1,45.914
5496.mp4,-1,-1,46.3999
1356.mp4,-1,-1,49.2338
3418.mp4,-1,-1,46.5961
3248.mp4,-1,-1,53.8093
2348.mp4,-1,-1,55.7836
5095.mp4,-1,-1,55.5486
4294.mp4,-1,-1,39.8121
5504.mp4,-1,-1,42.6718
1499.mp4,-1,-1,49.936
4774.mp4,-1,-1,46.849
251.mp4,-1,-1,51.7463
376.mp4,-1,-1,60.5788
6114.mp4,-1,-1,45.8103
5465.mp4,-1,-1,41.3695
4242.mp4,-1,-1,67.0926
5859.mp4,-1,-1,51.9972
2132.mp4,-1,-1,58.111
2287.mp4,-1,-1,57.5742
5145.mp4,-1,-1,27.2491
3019.mp4,-1,-1,53.5488
5725.mp4,-1,-1,52.2909
4773.mp4,-1,-1,57.1512
2541.mp4,-1,-1,47.1439
2442.mp4,-1,-1,61.3761
3698.mp4,-1,-1,58.4838
2022.mp4,-1,-1,59.044
2718.mp4,-1,-1,48.8358
867.mp4,-1,-1,48.699
2927.mp4,-1,-1,45.2875
3770.mp4,-1,-1,52.2668
1139.mp4,-1,-1,43.8026
2745.mp4,-1,-1,57.8722
221.mp4,-1,-1,65.2661
5404.mp4,-1,-1,61.0071
1354.mp4,-1,-1,47.2912
778.mp4,-1,-1,60.524
3932.mp4,-1,-1,46.5989
5595.mp4,-1,-1,49.131
4537.mp4,-1,-1,51.2478
172.mp4,-1,-1,40.1987
2101.mp4,-1,-1,38.0277
5880.mp4,-1,-1,51.3415
4992.mp4,-1,-1,53.8303
2002.mp4,-1,-1,47.2826
589.mp4,-1,-1,53.0926
734.mp4,-1,-1,64.2386
1456.mp4,-1,-1,36.3129
156.mp4,-1,-1,54.0078
3621.mp4,-1,-1,44.9823
189.mp4,-1,-1,45.84
58.mp4,-1,-1,53.7518
1342.mp4,-1,-1,31.3133
481.mp4,-1,-1,56.0982
4722.mp4,-1,-1,48.6546
3818.mp4,-1,-1,60.7491
4060.mp4,-1,-1,52.367
1850.mp4,-1,-1,64.2104
4052.mp4,-1,-1,58.7895
377.mp4,-1,-1,37.2261
1873.mp4,-1,-1,57.6981
2389.mp4,-1,-1,58.4556
4754.mp4,-1,-1,51.049
3786.mp4,-1,-1,29.109
4034.mp4,-1,-1,62.1561
1109.mp4,-1,-1,66.1386
3699.mp4,-1,-1,59.3449
6261.mp4,-1,-1,60.6838
4193.mp4,-1,-1,60.768
4252.mp4,-1,-1,58.3394
1476.mp4,-1,-1,49.6427
2711.mp4,-1,-1,59.9605
3991.mp4,-1,-1,48.1922
1629.mp4,-1,-1,61.8293
4000.mp4,-1,-1,54.7152
6031.mp4,-1,-1,44.1971
3160.mp4,-1,-1,34.9124
5960.mp4,-1,-1,53.4609
311.mp4,-1,-1,36.9191
4281.mp4,-1,-1,42.7229
2317.mp4,-1,-1,53.422
656.mp4,-1,-1,59.7634
5368.mp4,-1,-1,57.4017
1758.mp4,-1,-1,58.9456
1233.mp4,-1,-1,63.5355
987.mp4,-1,-1,47.7164
4529.mp4,-1,-1,45.043
1819.mp4,-1,-1,65.4963
220.mp4,-1,-1,71.9903
146.mp4,-1,-1,63.3603
6236.mp4,-1,-1,66.4155
2717.mp4,-1,-1,54.6451
5708.mp4,-1,-1,10.0386
5373.mp4,-1,-1,35.3169
5388.mp4,-1,-1,34.2494
230.mp4,-1,-1,47.7332
270.mp4,-1,-1,48.9046
2382.mp4,-1,-1,58.6394
4104.mp4,-1,-1,54.8954
5674.mp4,-1,-1,63.1139
1053.mp4,-1,-1,52.2177
3714.mp4,-1,-1,62.2056
963.mp4,-1,-1,61.1968
3764.mp4,-1,-1,61.4171
4834.mp4,-1,-1,48.7695
5744.mp4,-1,-1,50.0504
3080.mp4,-1,-1,38.7562
3091.mp4,-1,-1,51.2758
4873.mp4,-1,-1,42.0604
782.mp4,-1,-1,40.9475
6119.mp4,-1,-1,57.871
36.mp4,-1,-1,61.1559
1362.mp4,-1,-1,60.9493
1656.mp4,-1,-1,64.4084
2792.mp4,-1,-1,60.4198
2784.mp4,-1,-1,42.5309
2466.mp4,-1,-1,57.9154
5952.mp4,-1,-1,33.1604
6187.mp4,-1,-1,54.5821
1650.mp4,-1,-1,56.6736
5539.mp4,-1,-1,58.9755
2254.mp4,-1,-1,30.8602
2229.mp4,-1,-1,50.8057
3245.mp4,-1,-1,63.5517
3726.mp4,-1,-1,51.0101
746.mp4,-1,-1,48.4662
2359.mp4,-1,-1,51.3372
3200.mp4,-1,-1,49.782
1509.mp4,-1,-1,43.9638
2141.mp4,-1,-1,49.3317
2417.mp4,-1,-1,39.5266
2049.mp4,-1,-1,43.8185
14.mp4,-1,-1,54.7839
4345.mp4,-1,-1,57.02
4918.mp4,-1,-1,46.8583
3003.mp4,-1,-1,57.4478
4293.mp4,-1,-1,54.5115
4766.mp4,-1,-1,53.0197
4232.mp4,-1,-1,59.5473
5542.mp4,-1,-1,62.7937
4127.mp4,-1,-1,33.2672
3109.mp4,-1,-1,36.5229
3635.mp4,-1,-1,31.534
1530.mp4,-1,-1,37.1409
5270.mp4,-1,-1,61.9655
1992.mp4,-1,-1,30.197
831.mp4,-1,-1,41.8315
1022.mp4,-1,-1,45.1146
668.mp4,-1,-1,43.925
5534.mp4,-1,-1,57.9213
1678.mp4,-1,-1,53.382
5209.mp4,-1,-1,43.2446
2232.mp4,-1,-1,56.5992
5220.mp4,-1,-1,53.7167
5222.mp4,-1,-1,53.2394
5872.mp4,-1,-1,49.917
317.mp4,-1,-1,55.1764
2189.mp4,-1,-1,58.3512
1152.mp4,-1,-1,59.959
4471.mp4,-1,-1,45.1788
423.mp4,-1,-1,65.5272
224.mp4,-1,-1,69.4995
5509.mp4,-1,-1,63.4333
5179.mp4,-1,-1,56.5574
5268.mp4,-1,-1,53.9937
976.mp4,-1,-1,46.4138
706.mp4,-1,-1,57.3803
5470.mp4,-1,-1,53.734
1262.mp4,-1,-1,50.2893
3914.mp4,-1,-1,59.3152
1613.mp4,-1,-1,53.0603
3213.mp4,-1,-1,26.4574
4681.mp4,-1,-1,41.7331
42.mp4,-1,-1,44.6952
2911.mp4,-1,-1,44.8049
763.mp4,-1,-1,34.6932
2658.mp4,-1,-1,52.7212
1209.mp4,-1,-1,58.636
5957.mp4,-1,-1,56.5064
237.mp4,-1,-1,49.3571
3379.mp4,-1,-1,67.0986
6105.mp4,-1,-1,53.0243
2214.mp4,-1,-1,52.857
5366.mp4,-1,-1,63.1192
3952.mp4,-1,-1,36.0811
3722.mp4,-1,-1,65.5625
2963.mp4,-1,-1,61.8343
5105.mp4,-1,-1,48.7163
5737.mp4,-1,-1,21.4284
4439.mp4,-1,-1,55.2063
5402.mp4,-1,-1,58.6147
2243.mp4,-1,-1,46.0633
3471.mp4,-1,-1,60.505
2477.mp4,-1,-1,46.3574
334.mp4,-1,-1,36.3564
2916.mp4,-1,-1,43.6585
949.mp4,-1,-1,36.0184
2550.mp4,-1,-1,58.0694
4908.mp4,-1,-1,61.2042
5007.mp4,-1,-1,57.3201
3747.mp4,-1,-1,37.0648
1316.mp4,-1,-1,30.4994
4493.mp4,-1,-1,58.3408
5196.mp4,-1,-1,48.9994
2319.mp4,-1,-1,51.6651
971.mp4,-1,-1,52.9022
397.mp4,-1,-1,42.3365
3494.mp4,-1,-1,43.7838
1895.mp4,-1,-1,53.0527
6277.mp4,-1,-1,48.1572
5224.mp4,-1,-1,56.526
1051.mp4,-1,-1,40.0379
2335.mp4,-1,-1,39.0606
4498.mp4,-1,-1,62.7874
3102.mp4,-1,-1,27.4206
2592.mp4,-1,-1,61.0601
6082.mp4,-1,-1,58.5932
4190.mp4,-1,-1,57.9381
2625.mp4,-1,-1,37.9057
748.mp4,-1,-1,59.7032
3865.mp4,-1,-1,46.0673
1257.mp4,-1,-1,47.6245
1400.mp4,-1,-1,35.0003
3537.mp4,-1,-1,48.8114
1680.mp4,-1,-1,54.4688
1160.mp4,-1,-1,62.5717
5887.mp4,-1,-1,30.4081
2620.mp4,-1,-1,50.3036
4154.mp4,-1,-1,53.7573
2361.mp4,-1,-1,47.7151
4050.mp4,-1,-1,55.8464
4334.mp4,-1,-1,48.4959
2721.mp4,-1,-1,53.4766
3502.mp4,-1,-1,51.3678
1955.mp4,-1,-1,53.771
4866.mp4,-1,-1,35.2088
982.mp4,-1,-1,52.2723
1256.mp4,-1,-1,44.7826
4272.mp4,-1,-1,32.7881
4187.mp4,-1,-1,49.8362
2349.mp4,-1,-1,62.3046
5689.mp4,-1,-1,40.8076
235.mp4,-1,-1,61.3919
1750.mp4,-1,-1,49.2132
3309.mp4,-1,-1,53.6582
5223.mp4,-1,-1,46.7133
4687.mp4,-1,-1,47.0522
6269.mp4,-1,-1,46.4941
1518.mp4,-1,-1,45.5223
5794.mp4,-1,-1,31.1983
3209.mp4,-1,-1,57.7059
696.mp4,-1,-1,41.21
4432.mp4,-1,-1,39.817
4598.mp4,-1,-1,45.9897
5768.mp4,-1,-1,54.4679
3995.mp4,-1,-1,61.9821
5973.mp4,-1,-1,59.4974
4010.mp4,-1,-1,37.8203
3729.mp4,-1,-1,39.7691
940.mp4,-1,-1,58.0389
2806.mp4,-1,-1,37.1293
3769.mp4,-1,-1,68.59
4971.mp4,-1,-1,38.0986
5156.mp4,-1,-1,61.3861
2640.mp4,-1,-1,57.459
5524.mp4,-1,-1,56.6835
4166.mp4,-1,-1,60.512
3439.mp4,-1,-1,59.5449
576.mp4,-1,-1,57.1618
3901.mp4,-1,-1,54.7942
1178.mp4,-1,-1,54.0257
3358.mp4,-1,-1,59.5867
3241.mp4,-1,-1,31.812
6274.mp4,-1,-1,45.5652
1947.mp4,-1,-1,49.5908
4544.mp4,-1,-1,51.3713
2177.mp4,-1,-1,32.9067
1995.mp4,-1,-1,56.0715
5925.mp4,-1,-1,43.6951
10.mp4,-1,-1,54.6529
1753.mp4,-1,-1,51.2321
521.mp4,-1,-1,52.0693
4043.mp4,-1,-1,57.7445
5279.mp4,-1,-1,46.8614
684.mp4,-1,-1,45.1718
4079.mp4,-1,-1,52.6971
1111.mp4,-1,-1,66.9076
1052.mp4,-1,-1,52.1269
6240.mp4,-1,-1,62.9068
2653.mp4,-1,-1,48.8596
2600.mp4,-1,-1,56.8255
3461.mp4,-1,-1,33.2603
1433.mp4,-1,-1,53.4686
2663.mp4,-1,-1,51.1953
5014.mp4,-1,-1,59.5429
3361.mp4,-1,-1,54.6646
2893.mp4,-1,-1,48.5345
6266.mp4,-1,-1,61.7306
2761.mp4,-1,-1,48.5994
1531.mp4,-1,-1,42.8619
5495.mp4,-1,-1,45.9901
2496.mp4,-1,-1,52.3743
438.mp4,-1,-1,63.6472
2007.mp4,-1,-1,49.4303
3341.mp4,-1,-1,61.274
4016.mp4,-1,-1,31.514
3421.mp4,-1,-1,46.8638
6271.mp4,-1,-1,46.6529
1281.mp4,-1,-1,57.9651
937.mp4,-1,-1,42.8025
5152.mp4,-1,-1,53.5612
5297.mp4,-1,-1,58.8399
183.mp4,-1,-1,62.9312
5553.mp4,-1,-1,38.054
1034.mp4,-1,-1,65.764
3224.mp4,-1,-1,51.5929
5218.mp4,-1,-1,50.0525
269.mp4,-1,-1,51.7939
289.mp4,-1,-1,60.3442
1577.mp4,-1,-1,57.409
752.mp4,-1,-1,52.9969
5948.mp4,-1,-1,61.2601
638.mp4,-1,-1,64.5021
2855.mp4,-1,-1,49.6321
2385.mp4,-1,-1,63.3248
1311.mp4,-1,-1,59.4596
847.mp4,-1,-1,65.6817
3062.mp4,-1,-1,36.13
1159.mp4,-1,-1,63.5017
1806.mp4,-1,-1,63.9847
607.mp4,-1,-1,46.3389
1462.mp4,-1,-1,60.3807
4087.mp4,-1,-1,63.3917
4568.mp4,-1,-1,48.3268
2999.mp4,-1,-1,64.9267
3999.mp4,-1,-1,41.5148
1068.mp4,-1,-1,54.6929
5253.mp4,-1,-1,47.837
1871.mp4,-1,-1,54.238
4191.mp4,-1,-1,68.1276
1060.mp4,-1,-1,47.5354
266.mp4,-1,-1,66.2697
4332.mp4,-1,-1,57.7592
3784.mp4,-1,-1,53.1306
2612.mp4,-1,-1,53.5127
2360.mp4,-1,-1,61.0855
3124.mp4,-1,-1,50.818
3202.mp4,-1,-1,60.3264
5011.mp4,-1,-1,46.708
2606.mp4,-1,-1,45.6063
5116.mp4,-1,-1,41.2602
3228.mp4,-1,-1,57.2178
5333.mp4,-1,-1,55.5576
1466.mp4,-1,-1,28.2119
6098.mp4,-1,-1,46.3454
1078.mp4,-1,-1,25.8621
2627.mp4,-1,-1,28.7311
2200.mp4,-1,-1,64.6674
2494.mp4,-1,-1,35.1491
2279.mp4,-1,-1,54.5853
2058.mp4,-1,-1,55.73
759.mp4,-1,-1,54.9052
6096.mp4,-1,-1,34.7454
2935.mp4,-1,-1,56.4399
6049.mp4,-1,-1,56.6125
3204.mp4,-1,-1,46.1096
3151.mp4,-1,-1,30.8843
3583.mp4,-1,-1,54.0881
1998.mp4,-1,-1,54.6024
4883.mp4,-1,-1,54.2423
3677.mp4,-1,-1,52.7989
4950.mp4,-1,-1,45.3325
2191.mp4,-1,-1,58.8535
484.mp4,-1,-1,45.3639
3778.mp4,-1,-1,14.5914
1042.mp4,-1,-1,69.3082
2629.mp4,-1,-1,58.1485
5342.mp4,-1,-1,51.1444
5416.mp4,-1,-1,41.1211
1395.mp4,-1,-1,60.2227
130.mp4,-1,-1,43.8389
1775.mp4,-1,-1,51.655
1360.mp4,-1,-1,34.4467
348.mp4,-1,-1,56.2673
20.mp4,-1,-1,44.789
3773.mp4,-1,-1,50.004
1864.mp4,-1,-1,57.9319
3442.mp4,-1,-1,45.2085
4322.mp4,-1,-1,39.2783
5503.mp4,-1,-1,63.5441
5132.mp4,-1,-1,49.1881
3789.mp4,-1,-1,42.7157
1693.mp4,-1,-1,59.1303
253.mp4,-1,-1,56.808
3433.mp4,-1,-1,39.5551
6204.mp4,-1,-1,36.6708
4185.mp4,-1,-1,58.0998
4133.mp4,-1,-1,37.7454
2379.mp4,-1,-1,65.8727
114.mp4,-1,-1,41.8255
2824.mp4,-1,-1,46.0128
1374.mp4,-1,-1,56.6731
1633.mp4,-1,-1,18.5778
1786.mp4,-1,-1,55.855
1578.mp4,-1,-1,36.4038
5592.mp4,-1,-1,58.8376
728.mp4,-1,-1,47.7111
6249.mp4,-1,-1,66.8463
3691.mp4,-1,-1,38.9364
1128.mp4,-1,-1,49.2167
4171.mp4,-1,-1,62.1894
2249.mp4,-1,-1,38.498
3372.mp4,-1,-1,59.9397
4663.mp4,-1,-1,54.3463
5254.mp4,-1,-1,41.6355
5934.mp4,-1,-1,56.4034
472.mp4,-1,-1,44.7082
5479.mp4,-1,-1,58.827
395.mp4,-1,-1,50.6285
2660.mp4,-1,-1,56.4608
3863.mp4,-1,-1,57.6941
241.mp4,-1,-1,65.7139
3971.mp4,-1,-1,60.3868
2820.mp4,-1,-1,46.8539
2456.mp4,-1,-1,26.5016
6019.mp4,-1,-1,55.4831
5117.mp4,-1,-1,54.4183
1238.mp4,-1,-1,44.5688
2607.mp4,-1,-1,52.0855
914.mp4,-1,-1,61.1701
3106.mp4,-1,-1,44.1593
5037.mp4,-1,-1,63.6537
1909.mp4,-1,-1,61.2654
4436.mp4,-1,-1,45.659
969.mp4,-1,-1,49.2762
3900.mp4,-1,-1,54.9684
5205.mp4,-1,-1,42.1964
6117.mp4,-1,-1,48.7935
3064.mp4,-1,-1,46.5877
4889.mp4,-1,-1,49.3612
2266.mp4,-1,-1,36.8894
3353.mp4,-1,-1,45.1093
1764.mp4,-1,-1,51.8965
1275.mp4,-1,-1,28.0067
753.mp4,-1,-1,69.1204
5755.mp4,-1,-1,52.5431
915.mp4,-1,-1,45.6996
3842.mp4,-1,-1,52.9679
2643.mp4,-1,-1,43.8396
6282.mp4,-1,-1,18.0015
3681.mp4,-1,-1,55.1056
1393.mp4,-1,-1,61.4216
5439.mp4,-1,-1,33.1107
4005.mp4,-1,-1,58.3929
466.mp4,-1,-1,29.063
6086.mp4,-1,-1,50.5086
4546.mp4,-1,-1,44.1951
471.mp4,-1,-1,49.0426
2734.mp4,-1,-1,61.2932
3816.mp4,-1,-1,25.3223
5672.mp4,-1,-1,35.4314
167.mp4,-1,-1,57.6542
2557.mp4,-1,-1,61
601.mp4,-1,-1,57.7141
2383.mp4,-1,-1,48.4897
2008.mp4,-1,-1,52.2064
2853.mp4,-1,-1,35.6669
1582.mp4,-1,-1,63.3011
695.mp4,-1,-1,47.1003
5958.mp4,-1,-1,49.0262
476.mp4,-1,-1,50.6
5812.mp4,-1,-1,46.4957
4021.mp4,-1,-1,58.839
1196.mp4,-1,-1,62.351
5017.mp4,-1,-1,59.3056
5527.mp4,-1,-1,66.7487
3284.mp4,-1,-1,62.4151
2365.mp4,-1,-1,48.2436
202.mp4,-1,-1,60.1537
1532.mp4,-1,-1,61.1393
2937.mp4,-1,-1,56.7444
4854.mp4,-1,-1,46.5945
3486.mp4,-1,-1,59.1761
5921.mp4,-1,-1,44.8233
5372.mp4,-1,-1,51.3281
4478.mp4,-1,-1,61.4521
363.mp4,-1,-1,44.1955
2851.mp4,-1,-1,47.3543
774.mp4,-1,-1,52.825
1025.mp4,-1,-1,66.1102
1649.mp4,-1,-1,54.288
1077.mp4,-1,-1,54.4455
3739.mp4,-1,-1,53.8335
639.mp4,-1,-1,51.2354
4254.mp4,-1,-1,49.5518
3449.mp4,-1,-1,27.6899
4870.mp4,-1,-1,61.3257
1996.mp4,-1,-1,70.6164
1670.mp4,-1,-1,63.383
390.mp4,-1,-1,61.3656
1811.mp4,-1,-1,49.6362
5830.mp4,-1,-1,59.8091
802.mp4,-1,-1,48.0698
5933.mp4,-1,-1,54.927
3170.mp4,-1,-1,49.7717
2520.mp4,-1,-1,65.1731
5837.mp4,-1,-1,53.576
47.mp4,-1,-1,28.8215
3571.mp4,-1,-1,57.4641
2185.mp4,-1,-1,49.6385
1381.mp4,-1,-1,50.605
4847.mp4,-1,-1,47.096
78.mp4,-1,-1,56.3353
3278.mp4,-1,-1,68.7616
1866.mp4,-1,-1,37.5177
3364.mp4,-1,-1,58.7221
3608.mp4,-1,-1,59.1798
4557.mp4,-1,-1,47.8412
1143.mp4,-1,-1,58.5046
4896.mp4,-1,-1,60.2915
4876.mp4,-1,-1,45.3324
3039.mp4,-1,-1,47.5076
3979.mp4,-1,-1,46.5854
2582.mp4,-1,-1,46.5274
5168.mp4,-1,-1,56.7209
1357.mp4,-1,-1,55.9797
2515.mp4,-1,-1,51.9531
5753.mp4,-1,-1,54.3078
181.mp4,-1,-1,43.0451
322.mp4,-1,-1,56.1979
1334.mp4,-1,-1,62.7117
3950.mp4,-1,-1,55.7238
4903.mp4,-1,-1,50.5915
3017.mp4,-1,-1,51.1447
1069.mp4,-1,-1,19.0134
5733.mp4,-1,-1,52.1087
2595.mp4,-1,-1,58.4493
3531.mp4,-1,-1,54.158
3427.mp4,-1,-1,30.006
1703.mp4,-1,-1,50.8736
6040.mp4,-1,-1,51.2218
905.mp4,-1,-1,55.9558
6185.mp4,-1,-1,19.532
1897.mp4,-1,-1,57.1493
3216.mp4,-1,-1,58.9393
4395.mp4,-1,-1,52.5332
3243.mp4,-1,-1,56.4603
6113.mp4,-1,-1,33.2935
1571.mp4,-1,-1,23.6656
1608.mp4,-1,-1,43.6749
2601.mp4,-1,-1,53.5509
3879.mp4,-1,-1,41.8084
4455.mp4,-1,-1,52.3276
4082.mp4,-1,-1,47.6547
2009.mp4,-1,-1,50.1268
3489.mp4,-1,-1,60.7992
460.mp4,-1,-1,47.1163
721.mp4,-1,-1,52.6787
353.mp4,-1,-1,61.8842
4588.mp4,-1,-1,40.9759
6025.mp4,-1,-1,64.0653
4522.mp4,-1,-1,55.9423
3693.mp4,-1,-1,59.1137
5521.mp4,-1,-1,56.6911
6242.mp4,-1,-1,43.1587
3385.mp4,-1,-1,60.9103
537.mp4,-1,-1,61.9353
5318.mp4,-1,-1,61.2917
6033.mp4,-1,-1,38.0463
2508.mp4,-1,-1,55.7244
6011.mp4,-1,-1,52.7854
3237.mp4,-1,-1,21.1493
771.mp4,-1,-1,63.7628
4063.mp4,-1,-1,50.6805
4839.mp4,-1,-1,49.8148
3826.mp4,-1,-1,52.9253
3674.mp4,-1,-1,62.7238
282.mp4,-1,-1,39.37
4022.mp4,-1,-1,25.1058
5459.mp4,-1,-1,65.3607
611.mp4,-1,-1,44.4444
6247.mp4,-1,-1,43.1863
1967.mp4,-1,-1,59.4992
4830.mp4,-1,-1,60.4343
2962.mp4,-1,-1,61.8344
981.mp4,-1,-1,61.4324
1719.mp4,-1,-1,46.1319
5891.mp4,-1,-1,46.096
3843.mp4,-1,-1,45.679
2671.mp4,-1,-1,30.463
5042.mp4,-1,-1,51.9644
4276.mp4,-1,-1,60.6902
2805.mp4,-1,-1,59.7917
1575.mp4,-1,-1,50.7072
1774.mp4,-1,-1,61.5562
4025.mp4,-1,-1,49.3893
925.mp4,-1,-1,19.2173
4042.mp4,-1,-1,47.032
2714.mp4,-1,-1,65.1101
3857.mp4,-1,-1,48.3082
1204.mp4,-1,-1,52.2234
3055.mp4,-1,-1,47.2083
2105.mp4,-1,-1,65.7253
5290.mp4,-1,-1,62.6746
2726.mp4,-1,-1,52.0714
5646.mp4,-1,-1,56.748
4420.mp4,-1,-1,27.4246
2765.mp4,-1,-1,63.7514
2269.mp4,-1,-1,33.7726
5501.mp4,-1,-1,47.9437
3441.mp4,-1,-1,50.0432
307.mp4,-1,-1,46.1479
4791.mp4,-1,-1,17.7483
5752.mp4,-1,-1,45.4372
3650.mp4,-1,-1,59.0884
5801.mp4,-1,-1,55.5014
3246.mp4,-1,-1,48.2953
5939.mp4,-1,-1,38.5882
3349.mp4,-1,-1,50.9692
3713.mp4,-1,-1,54.3808
2943.mp4,-1,-1,55.5505
396.mp4,-1,-1,51.7257
5227.mp4,-1,-1,41.74
679.mp4,-1,-1,57.5783
3651.mp4,-1,-1,59.9259
1193.mp4,-1,-1,64.0088
4797.mp4,-1,-1,57.574
518.mp4,-1,-1,36.3787
3775.mp4,-1,-1,52.9943
3661.mp4,-1,-1,31.021
2489.mp4,-1,-1,50.7004
2926.mp4,-1,-1,59.4409
5630.mp4,-1,-1,56.1713
507.mp4,-1,-1,24.2716
2288.mp4,-1,-1,49.6044
3057.mp4,-1,-1,51.5237
642.mp4,-1,-1,36.096
697.mp4,-1,-1,41.3448
2264.mp4,-1,-1,60.5093
2657.mp4,-1,-1,59.1316
4664.mp4,-1,-1,35.8945
2493.mp4,-1,-1,47.8401
4593.mp4,-1,-1,41.8143
4329.mp4,-1,-1,43.8877
1355.mp4,-1,-1,59.1121
2449.mp4,-1,-1,50.6728
1231.mp4,-1,-1,47.1328
1290.mp4,-1,-1,53.2841
5291.mp4,-1,-1,50.1849
5936.mp4,-1,-1,30.7696
4675.mp4,-1,-1,35.458
4274.mp4,-1,-1,48.3888
1668.mp4,-1,-1,47.9665
4134.mp4,-1,-1,48.2675
3522.mp4,-1,-1,57.4222
5103.mp4,-1,-1,29.8426
2794.mp4,-1,-1,55.5664
1421.mp4,-1,-1,41.8991
2835.mp4,-1,-1,57.5074
1676.mp4,-1,-1,53.571
1220.mp4,-1,-1,55.7973
541.mp4,-1,-1,59.4387
5903.mp4,-1,-1,46.9809
2307.mp4,-1,-1,65.2157
1910.mp4,-1,-1,50.6496
1157.mp4,-1,-1,52.0579
2419.mp4,-1,-1,53.4962
5125.mp4,-1,-1,50.9843
249.mp4,-1,-1,56.6118
4815.mp4,-1,-1,54.4495
2181.mp4,-1,-1,54.1797
419.mp4,-1,-1,46.8993
1007.mp4,-1,-1,57.3399
740.mp4,-1,-1,64.511
2837.mp4,-1,-1,55.2712
5962.mp4,-1,-1,65.1466
4628.mp4,-1,-1,48.0057
4075.mp4,-1,-1,36.4504
2330.mp4,-1,-1,57.0956
2975.mp4,-1,-1,59.7427
3915.mp4,-1,-1,41.158
5654.mp4,-1,-1,53.301
2155.mp4,-1,-1,51.2136
5662.mp4,-1,-1,55.2579
3924.mp4,-1,-1,32.8686
268.mp4,-1,-1,61.8163
2885.mp4,-1,-1,58.1529
5431.mp4,-1,-1,39.1871
1610.mp4,-1,-1,59.8834
6110.mp4,-1,-1,46.5184
2350.mp4,-1,-1,49.8737
4142.mp4,-1,-1,59.217
3613.mp4,-1,-1,48.4031
278.mp4,-1,-1,52.9355
779.mp4,-1,-1,53.4631
4686.mp4,-1,-1,49.6106
1692.mp4,-1,-1,40.0885
357.mp4,-1,-1,50.2551
137.mp4,-1,-1,48.0299
209.mp4,-1,-1,44.4946
612.mp4,-1,-1,60.9256
4751.mp4,-1,-1,56.6645
5769.mp4,-1,-1,42.7278
4574.mp4,-1,-1,39.2076
4481.mp4,-1,-1,66.5543
1840.mp4,-1,-1,45.4188
758.mp4,-1,-1,38.2806
3409.mp4,-1,-1,56.6374
4349.mp4,-1,-1,37.3784
4217.mp4,-1,-1,44.8722
3985.mp4,-1,-1,61.9835
3638.mp4,-1,-1,34.5298
5702.mp4,-1,-1,45.2491
3359.mp4,-1,-1,44.1867
65.mp4,-1,-1,33.9297
775.mp4,-1,-1,31.0278
227.mp4,-1,-1,59.3122
1876.mp4,-1,-1,54.5827
3268.mp4,-1,-1,55.8912
4602.mp4,-1,-1,49.7265
4945.mp4,-1,-1,53.765
4622.mp4,-1,-1,54.7373
647.mp4,-1,-1,48.9634
2946.mp4,-1,-1,45.059
4290.mp4,-1,-1,45.0933
3896.mp4,-1,-1,63.7941
499.mp4,-1,-1,53.9741
3700.mp4,-1,-1,59.2659
5151.mp4,-1,-1,36.431
3029.mp4,-1,-1,44.4959
3750.mp4,-1,-1,52.576
5516.mp4,-1,-1,30.8726
511.mp4,-1,-1,49.5129
4677.mp4,-1,-1,45.7726
4752.mp4,-1,-1,39.1469
686.mp4,-1,-1,40.863
5766.mp4,-1,-1,45.156
2114.mp4,-1,-1,51.7474
128.mp4,-1,-1,51.7919
1978.mp4,-1,-1,52.0472
3323.mp4,-1,-1,55.7733
2436.mp4,-1,-1,49.6269
3609.mp4,-1,-1,59.5901
1615.mp4,-1,-1,40.1403
4130.mp4,-1,-1,51.3856
629.mp4,-1,-1,60.2217
1002.mp4,-1,-1,56.7065
4283.mp4,-1,-1,50.4619
953.mp4,-1,-1,39.483
2856.mp4,-1,-1,63.0155
2822.mp4,-1,-1,50.9633
889.mp4,-1,-1,47.7357
2802.mp4,-1,-1,56.3403
2816.mp4,-1,-1,44.1317
1701.mp4,-1,-1,65.1463
5424.mp4,-1,-1,39.124
1098.mp4,-1,-1,67.1169
1359.mp4,-1,-1,34.622
542.mp4,-1,-1,40.9722
675.mp4,-1,-1,69.9583
4758.mp4,-1,-1,34.7666
100.mp4,-1,-1,49.8148
5317.mp4,-1,-1,53.5389
3500.mp4,-1,-1,53.5113
2944.mp4,-1,-1,44.5758
901.mp4,-1,-1,54.1037
548.mp4,-1,-1,57.8057
4828.mp4,-1,-1,52.8728
486.mp4,-1,-1,37.3209
204.mp4,-1,-1,57.5783
1071.mp4,-1,-1,51.1545
4197.mp4,-1,-1,37.8153
2513.mp4,-1,-1,69.565
4292.mp4,-1,-1,49.6718
5533.mp4,-1,-1,63.6089
4146.mp4,-1,-1,54.8488
5677.mp4,-1,-1,53.1057
2402.mp4,-1,-1,41.1552
5232.mp4,-1,-1,37.8146
1934.mp4,-1,-1,55.9229
4592.mp4,-1,-1,62.3381
2450.mp4,-1,-1,37.3524
5927.mp4,-1,-1,51.611
2621.mp4,-1,-1,62.7685
1267.mp4,-1,-1,45.5216
5015.mp4,-1,-1,50.8583
833.mp4,-1,-1,68.29
1070.mp4,-1,-1,53.5669
3096.mp4,-1,-1,33.4389
1112.mp4,-1,-1,64.3095
1812.mp4,-1,-1,45.2128
5793.mp4,-1,-1,58.4187
5050.mp4,-1,-1,58.1762
3947.mp4,-1,-1,47.9848
2468.mp4,-1,-1,48.717
1174.mp4,-1,-1,42.1805
3066.mp4,-1,-1,54.8785
3760.mp4,-1,-1,53.4765
4893.mp4,-1,-1,48.4901
2689.mp4,-1,-1,62.1197
2791.mp4,-1,-1,34.4803
4323.mp4,-1,-1,32.9203
3079.mp4,-1,-1,55.2277
5441.mp4,-1,-1,44.2513
246.mp4,-1,-1,34.0635
2993.mp4,-1,-1,51.2471
1887.mp4,-1,-1,38.6078
812.mp4,-1,-1,49.8177
4299.mp4,-1,-1,41.6057
3832.mp4,-1,-1,59.3233
1093.mp4,-1,-1,45.1237
720.mp4,-1,-1,56.7867
6112.mp4,-1,-1,48.2883
4352.mp4,-1,-1,67.6122
5631.mp4,-1,-1,59.5621
4559.mp4,-1,-1,46.6998
1588.mp4,-1,-1,53.1828
4048.mp4,-1,-1,49.0842
3899.mp4,-1,-1,59.2492
2414.mp4,-1,-1,42.0936
797.mp4,-1,-1,56.0832
1721.mp4,-1,-1,54.6279
5563.mp4,-1,-1,51.0949
1389.mp4,-1,-1,61.1921
2862.mp4,-1,-1,57.1949
2396.mp4,-1,-1,48.4822
2934.mp4,-1,-1,57.0166
133.mp4,-1,-1,62.5322
3558.mp4,-1,-1,34.6105
4978.mp4,-1,-1,31.7549
2228.mp4,-1,-1,36.6868
4180.mp4,-1,-1,63.7044
4562.mp4,-1,-1,66.2491
4035.mp4,-1,-1,58.4472
4986.mp4,-1,-1,62.5281
1061.mp4,-1,-1,53.3697
3570.mp4,-1,-1,67.7575
4632.mp4,-1,-1,50.2858
1014.mp4,-1,-1,55.4851
2367.mp4,-1,-1,54.3015
1121.mp4,-1,-1,35.0468
5602.mp4,-1,-1,53.2958
2291.mp4,-1,-1,56.306
1274.mp4,-1,-1,46.3039
6099.mp4,-1,-1,58.919
1131.mp4,-1,-1,49.1712
1690.mp4,-1,-1,51.6056
5384.mp4,-1,-1,36.8439
5263.mp4,-1,-1,58.0255
3426.mp4,-1,-1,47.849
3235.mp4,-1,-1,56.1597
148.mp4,-1,-1,40.6475
359.mp4,-1,-1,27.9223
6192.mp4,-1,-1,36.1003
5694.mp4,-1,-1,57.9664
1064.mp4,-1,-1,57.9636
3340.mp4,-1,-1,25.2923
1573.mp4,-1,-1,49.4007
2240.mp4,-1,-1,48.4303
2013.mp4,-1,-1,59.2136
4320.mp4,-1,-1,48.9995
631.mp4,-1,-1,55.1892
5929.mp4,-1,-1,65.324
781.mp4,-1,-1,66.2393
792.mp4,-1,-1,46.2535
5046.mp4,-1,-1,55.8163
2447.mp4,-1,-1,53.4036
2814.mp4,-1,-1,56.9471
4938.mp4,-1,-1,55.5716
2255.mp4,-1,-1,51.4131
2980.mp4,-1,-1,60.3906
3663.mp4,-1,-1,41.7074
2838.mp4,-1,-1,57.1289
5246.mp4,-1,-1,57.5294
4844.mp4,-1,-1,53.53
5472.mp4,-1,-1,38.74
3858.mp4,-1,-1,27.8934
3524.mp4,-1,-1,58.5753
4964.mp4,-1,-1,45.3352
2216.mp4,-1,-1,58.085
430.mp4,-1,-1,49.5757
1288.mp4,-1,-1,56.0497
3838.mp4,-1,-1,42.8691
4921.mp4,-1,-1,63.1997
1261.mp4,-1,-1,42.7978
2343.mp4,-1,-1,59.1195
1063.mp4,-1,-1,47.1673
2810.mp4,-1,-1,30.5039
5141.mp4,-1,-1,49.8041
1742.mp4,-1,-1,64.0667
106.mp4,-1,-1,69.7354
2237.mp4,-1,-1,43.7793
1834.mp4,-1,-1,43.927
1660.mp4,-1,-1,29.3146
285.mp4,-1,-1,69.7174
2698.mp4,-1,-1,24.6342
4039.mp4,-1,-1,50.6491
2430.mp4,-1,-1,65.0797
2252.mp4,-1,-1,56.6249
5854.mp4,-1,-1,60.1946
5065.mp4,-1,-1,49.6191
3459.mp4,-1,-1,53.4539
1782.mp4,-1,-1,45.2908
536.mp4,-1,-1,66.4552
3557.mp4,-1,-1,30.2699
3626.mp4,-1,-1,66.2048
2736.mp4,-1,-1,54.3429
186.mp4,-1,-1,56.7273
924.mp4,-1,-1,34.3702
2471.mp4,-1,-1,65.6299
1491.mp4,-1,-1,63.6505
6143.mp4,-1,-1,66.2809
2033.mp4,-1,-1,57.4194
2174.mp4,-1,-1,63.6442
2316.mp4,-1,-1,26.9957
5288.mp4,-1,-1,58.0068
910.mp4,-1,-1,47.3449
4178.mp4,-1,-1,41.5398
2490.mp4,-1,-1,64.1773
733.mp4,-1,-1,49.7841
4904.mp4,-1,-1,62.8567
4516.mp4,-1,-1,56.0759
4772.mp4,-1,-1,54.4696
1569.mp4,-1,-1,52.1922
5627.mp4,-1,-1,56.0665
6224.mp4,-1,-1,46.1692
2799.mp4,-1,-1,44.4491
4503.mp4,-1,-1,53.058
2941.mp4,-1,-1,48.7544
595.mp4,-1,-1,53.0692
2898.mp4,-1,-1,61.1028
1760.mp4,-1,-1,44.8655
1770.mp4,-1,-1,53.3643
3550.mp4,-1,-1,55.1281
5473.mp4,-1,-1,49.3238
3828.mp4,-1,-1,68.2973
30.mp4,-1,-1,57.4587
5656.mp4,-1,-1,51.1461
3422.mp4,-1,-1,59.0263
5719.mp4,-1,-1,51.0171
5944.mp4,-1,-1,37.5896
3069.mp4,-1,-1,55.8881
1444.mp4,-1,-1,60.9259
4445.mp4,-1,-1,46.9492
341.mp4,-1,-1,48.9393
5904.mp4,-1,-1,39.0633
1825.mp4,-1,-1,57.8469
1088.mp4,-1,-1,48.1307
2395.mp4,-1,-1,64.3101
3346.mp4,-1,-1,50.9991
505.mp4,-1,-1,44.6265
1414.mp4,-1,-1,46.3095
3050.mp4,-1,-1,44.4779
5328.mp4,-1,-1,55.7502
1449.mp4,-1,-1,55.8958
3253.mp4,-1,-1,49.5571
5035.mp4,-1,-1,47.301
1010.mp4,-1,-1,53.1802
3640.mp4,-1,-1,58.8216
5184.mp4,-1,-1,20.5549
5034.mp4,-1,-1,42.6105
292.mp4,-1,-1,37.418
3959.mp4,-1,-1,52.7734
4723.mp4,-1,-1,50.4758
4939.mp4,-1,-1,40.4094
2104.mp4,-1,-1,47.3059
3909.mp4,-1,-1,50.4865
5467.mp4,-1,-1,41.0439
1079.mp4,-1,-1,52.0185
1803.mp4,-1,-1,37.8013
2964.mp4,-1,-1,54.9958
2077.mp4,-1,-1,54.1016
2674.mp4,-1,-1,64.8698
936.mp4,-1,-1,19.1417
4031.mp4,-1,-1,57.402
4512.mp4,-1,-1,55.7386
1075.mp4,-1,-1,52.7442
1943.mp4,-1,-1,52.7274
5311.mp4,-1,-1,52.0867
4275.mp4,-1,-1,68.4233
5098.mp4,-1,-1,40.747
846.mp4,-1,-1,52.7397
930.mp4,-1,-1,48.8797
3345.mp4,-1,-1,41.3283
5947.mp4,-1,-1,57.5512
851.mp4,-1,-1,45.3388
3014.mp4,-1,-1,43.5917
777.mp4,-1,-1,56.0926
5383.mp4,-1,-1,45.6716
4415.mp4,-1,-1,28.941
3157.mp4,-1,-1,48.7093
1749.mp4,-1,-1,68.1228
3294.mp4,-1,-1,60.6669
6066.mp4,-1,-1,52.6257
1709.mp4,-1,-1,46.2482
5204.mp4,-1,-1,52.3836
4901.mp4,-1,-1,47.6905
5693.mp4,-1,-1,60.8161
5449.mp4,-1,-1,64.3782
1460.mp4,-1,-1,50.8998
4160.mp4,-1,-1,61.5802
5791.mp4,-1,-1,60.4819
4136.mp4,-1,-1,57.2291
2023.mp4,-1,-1,49.9423
2204.mp4,-1,-1,48.0387
3149.mp4,-1,-1,56.0057
242.mp4,-1,-1,54.7915
5244.mp4,-1,-1,27.6034
2364.mp4,-1,-1,53.0027
5678.mp4,-1,-1,13.0003
3561.mp4,-1,-1,58.4717
54.mp4,-1,-1,46.5464
4156.mp4,-1,-1,42.9989
5109.mp4,-1,-1,55.3362
1435.mp4,-1,-1,52.1046
4204.mp4,-1,-1,62.6926
4014.mp4,-1,-1,29.7898
5560.mp4,-1,-1,44.4431
2102.mp4,-1,-1,51.6953
1938.mp4,-1,-1,51.6446
806.mp4,-1,-1,66.5974
1331.mp4,-1,-1,54.5127
4453.mp4,-1,-1,54.6709
3624.mp4,-1,-1,66.2703
1652.mp4,-1,-1,52.4541
3848.mp4,-1,-1,64.5176
4848.mp4,-1,-1,52.5197
1563.mp4,-1,-1,65.9886
3347.mp4,-1,-1,61.0379
4312.mp4,-1,-1,51.5423
4108.mp4,-1,-1,61.2452
575.mp4,-1,-1,46.4518
6172.mp4,-1,-1,55.815
3415.mp4,-1,-1,51.9604
2707.mp4,-1,-1,52.901
560.mp4,-1,-1,39.6493
267.mp4,-1,-1,65.4969
5356.mp4,-1,-1,48.585
853.mp4,-1,-1,52.8666
3196.mp4,-1,-1,67.0945
3404.mp4,-1,-1,53.6188
2131.mp4,-1,-1,51.3853
5526.mp4,-1,-1,49.2093
1427.mp4,-1,-1,59.076
3331.mp4,-1,-1,52.2858
5696.mp4,-1,-1,62.8316
4169.mp4,-1,-1,57.9833
5395.mp4,-1,-1,38.05
5127.mp4,-1,-1,57.0379
1946.mp4,-1,-1,56.2227
2284.mp4,-1,-1,38.9803
2142.mp4,-1,-1,48.7929
391.mp4,-1,-1,51.731
5606.mp4,-1,-1,55.38
5620.mp4,-1,-1,49.1528
1004.mp4,-1,-1,61.7332
4379.mp4,-1,-1,57.03
2406.mp4,-1,-1,56.0792
5647.mp4,-1,-1,52.1183
5778.mp4,-1,-1,44.8994
5261.mp4,-1,-1,19.2717
3156.mp4,-1,-1,55.3045
3070.mp4,-1,-1,52.5481
3251.mp4,-1,-1,42.4806
4518.mp4,-1,-1,56.3189
90.mp4,-1,-1,59.0638
4525.mp4,-1,-1,53.6225
2491.mp4,-1,-1,48.0578
3881.mp4,-1,-1,50.4785
2208.mp4,-1,-1,55.9819
4338.mp4,-1,-1,48.6381
5335.mp4,-1,-1,52.1675
512.mp4,-1,-1,45.9807
3027.mp4,-1,-1,52.1126
2386.mp4,-1,-1,51.8213
2892.mp4,-1,-1,50.547
967.mp4,-1,-1,38.3493
3391.mp4,-1,-1,22.9606
2248.mp4,-1,-1,55.5633
4264.mp4,-1,-1,51.3768
1516.mp4,-1,-1,50.1475
4770.mp4,-1,-1,53.6526
3061.mp4,-1,-1,50.7477
1253.mp4,-1,-1,36.776
2897.mp4,-1,-1,47.3986
1294.mp4,-1,-1,51.1216
891.mp4,-1,-1,57.5773
5450.mp4,-1,-1,44.8832
4796.mp4,-1,-1,60.7468
1673.mp4,-1,-1,59.9426
4798.mp4,-1,-1,47.5733
454.mp4,-1,-1,48.751
5502.mp4,-1,-1,41.4404
5493.mp4,-1,-1,46.502
2273.mp4,-1,-1,43.7835
5438.mp4,-1,-1,55.268
5506.mp4,-1,-1,50.41
5200.mp4,-1,-1,54.9081
2558.mp4,-1,-1,59.8028
2768.mp4,-1,-1,42.1576
3628.mp4,-1,-1,44.3346
5803.mp4,-1,-1,20.3952
4817.mp4,-1,-1,39.3985
3193.mp4,-1,-1,50.4254
5129.mp4,-1,-1,48.8954
2983.mp4,-1,-1,54.8922
4734.mp4,-1,-1,43.6072
165.mp4,-1,-1,44.3812
102.mp4,-1,-1,62.7699
2865.mp4,-1,-1,50.6195
84.mp4,-1,-1,58.6083
362.mp4,-1,-1,51.9703
52.mp4,-1,-1,61.9062
5950.mp4,-1,-1,66.702
3467.mp4,-1,-1,45.3609
6029.mp4,-1,-1,33.4697
3505.mp4,-1,-1,48.6863
5258.mp4,-1,-1,67.081
2834.mp4,-1,-1,47.3431
1772.mp4,-1,-1,49.1128
5861.mp4,-1,-1,32.1171
2807.mp4,-1,-1,58.2898
2887.mp4,-1,-1,47.4161
574.mp4,-1,-1,46.3973
1681.mp4,-1,-1,45.8662
3040.mp4,-1,-1,47.116
3335.mp4,-1,-1,43.1982
44.mp4,-1,-1,46.4359
1810.mp4,-1,-1,57.0116
5100.mp4,-1,-1,42.047
1683.mp4,-1,-1,42.4738
1856.mp4,-1,-1,63.6982
5907.mp4,-1,-1,56.785
4318.mp4,-1,-1,55.9879
2789.mp4,-1,-1,55.41
1495.mp4,-1,-1,48.2277
2818.mp4,-1,-1,62.0127
795.mp4,-1,-1,58.0158
2539.mp4,-1,-1,44.7725
1243.mp4,-1,-1,45.7102
1740.mp4,-1,-1,45.9247
4931.mp4,-1,-1,47.2981
1003.mp4,-1,-1,49.0406
3574.mp4,-1,-1,54.8794
2245.mp4,-1,-1,56.6139
1341.mp4,-1,-1,59.6601
1469.mp4,-1,-1,49.5445
2882.mp4,-1,-1,38.9798
599.mp4,-1,-1,55.0016
906.mp4,-1,-1,61.1916
5664.mp4,-1,-1,61.5996
3525.mp4,-1,-1,57.814
1248.mp4,-1,-1,48.7146
3829.mp4,-1,-1,32.09
5361.mp4,-1,-1,58.6619
3862.mp4,-1,-1,51.7319
324.mp4,-1,-1,57.5169
975.mp4,-1,-1,43.21
1475.mp4,-1,-1,61.2967
6223.mp4,-1,-1,56.7595
3701.mp4,-1,-1,53.4765
5833.mp4,-1,-1,52.1869
3143.mp4,-1,-1,37.8007
5673.mp4,-1,-1,44.5709
135.mp4,-1,-1,38.2512
455.mp4,-1,-1,42.7239
2111.mp4,-1,-1,40.8557
5296.mp4,-1,-1,44.1665
5913.mp4,-1,-1,26.334
4138.mp4,-1,-1,48.3372
1689.mp4,-1,-1,39.2664
3447.mp4,-1,-1,48.1248
5759.mp4,-1,-1,37.0737
3931.mp4,-1,-1,58.2367
4640.mp4,-1,-1,54.4294
1625.mp4,-1,-1,58.0815
5430.mp4,-1,-1,55.0626
3238.mp4,-1,-1,49.0811
6201.mp4,-1,-1,44.2827
1861.mp4,-1,-1,61.3462
6014.mp4,-1,-1,39.8834
2061.mp4,-1,-1,58.6338
1134.mp4,-1,-1,55.0922
2659.mp4,-1,-1,30.054
2167.mp4,-1,-1,61.2747
899.mp4,-1,-1,40.8168
1645.mp4,-1,-1,48.1365
3586.mp4,-1,-1,60.0003
1954.mp4,-1,-1,57.7662
2670.mp4,-1,-1,34.378
198.mp4,-1,-1,68.3478
1913.mp4,-1,-1,56.7649
5443.mp4,-1,-1,56.8518
5354.mp4,-1,-1,45.2511
3265.mp4,-1,-1,59.4619
5036.mp4,-1,-1,57.985
297.mp4,-1,-1,53.1066
743.mp4,-1,-1,47.8082
5582.mp4,-1,-1,57.7296
620.mp4,-1,-1,50.0524
1657.mp4,-1,-1,67.1887
5828.mp4,-1,-1,63.1586
3250.mp4,-1,-1,45.8537
6122.mp4,-1,-1,48.1394
3694.mp4,-1,-1,37.8804
3024.mp4,-1,-1,48.7636
4984.mp4,-1,-1,44.5527
4233.mp4,-1,-1,64.5569
4479.mp4,-1,-1,55.6514
1180.mp4,-1,-1,61.733
817.mp4,-1,-1,44.8961
2599.mp4,-1,-1,28.0422
2374.mp4,-1,-1,54.6201
4994.mp4,-1,-1,51.8133
3293.mp4,-1,-1,52.595
6064.mp4,-1,-1,56.2144
800.mp4,-1,-1,58.2917
4605.mp4,-1,-1,39.6031
6188.mp4,-1,-1,57.3011
2082.mp4,-1,-1,59.9803
810.mp4,-1,-1,40.8544
900.mp4,-1,-1,32.5708
2005.mp4,-1,-1,29.1474
586.mp4,-1,-1,45.0071
5464.mp4,-1,-1,62.1161
2700.mp4,-1,-1,51.748
1011.mp4,-1,-1,44.2504
368.mp4,-1,-1,43.8241
3473.mp4,-1,-1,54.0932
5653.mp4,-1,-1,54.5738
5827.mp4,-1,-1,58.7009
4691.mp4,-1,-1,37.2396
2553.mp4,-1,-1,43.3223
61.mp4,-1,-1,53.2672
5756.mp4,-1,-1,58.9983
4823.mp4,-1,-1,46.0297
1620.mp4,-1,-1,40.7648
907.mp4,-1,-1,66.8286
841.mp4,-1,-1,51.6436
1756.mp4,-1,-1,49.828
543.mp4,-1,-1,64.9744
1776.mp4,-1,-1,56.7335
4885.mp4,-1,-1,65.2602
2702.mp4,-1,-1,27.5669
4447.mp4,-1,-1,55.1629
6036.mp4,-1,-1,32.4513
842.mp4,-1,-1,60.7742
3569.mp4,-1,-1,49.4851
2207.mp4,-1,-1,44.1729
6168.mp4,-1,-1,56.5954
4872.mp4,-1,-1,47.0475
2619.mp4,-1,-1,35.4652
2985.mp4,-1,-1,47.5423
5123.mp4,-1,-1,59.8359
3768.mp4,-1,-1,61.7238
2415.mp4,-1,-1,54.765
3135.mp4,-1,-1,46.5664
4697.mp4,-1,-1,39.2049
67.mp4,-1,-1,50.1701
1407.mp4,-1,-1,53.8394
1611.mp4,-1,-1,31.079
5530.mp4,-1,-1,48.0214
895.mp4,-1,-1,52.6027
1030.mp4,-1,-1,41.0814
4467.mp4,-1,-1,56.4804
5410.mp4,-1,-1,47.5364
2549.mp4,-1,-1,57.5858
1920.mp4,-1,-1,60.9988
5084.mp4,-1,-1,56.4774
1062.mp4,-1,-1,43.8798
553.mp4,-1,-1,48.759
2746.mp4,-1,-1,50.3237
824.mp4,-1,-1,40.868
3370.mp4,-1,-1,39.7567
5990.mp4,-1,-1,57.2429
6244.mp4,-1,-1,52.2218
4150.mp4,-1,-1,40.3495
3882.mp4,-1,-1,58.7631
2158.mp4,-1,-1,41.9011
5487.mp4,-1,-1,62.603
869.mp4,-1,-1,54.0706
1176.mp4,-1,-1,40.5786
1129.mp4,-1,-1,56.9956
94.mp4,-1,-1,53.6544
956.mp4,-1,-1,44.5522
3001.mp4,-1,-1,52.5116
5986.mp4,-1,-1,47.1014
2844.mp4,-1,-1,64.8342
809.mp4,-1,-1,63.1166
3820.mp4,-1,-1,54.635
4015.mp4,-1,-1,52.4271
1206.mp4,-1,-1,52.0064
3585.mp4,-1,-1,33.3042
4531.mp4,-1,-1,53.9016
1562.mp4,-1,-1,61.3121
1020.mp4,-1,-1,62.8095
4539.mp4,-1,-1,65.3
1969.mp4,-1,-1,47.5056
205.mp4,-1,-1,59.4286
4837.mp4,-1,-1,43.3544
5264.mp4,-1,-1,53.9054
2095.mp4,-1,-1,44.6628
4401.mp4,-1,-1,42.919
4354.mp4,-1,-1,46.1357
134.mp4,-1,-1,61.6978
5669.mp4,-1,-1,24.6686
3871.mp4,-1,-1,50.5831
5483.mp4,-1,-1,63.2667
2900.mp4,-1,-1,23.9948
1874.mp4,-1,-1,52.3987
4425.mp4,-1,-1,52.1246
1370.mp4,-1,-1,55.1964
5850.mp4,-1,-1,54.3002
2375.mp4,-1,-1,46.213
2397.mp4,-1,-1,69.3146
3034.mp4,-1,-1,57.4952
2183.mp4,-1,-1,63.3654
2311.mp4,-1,-1,50.1699
3392.mp4,-1,-1,57.6034
3180.mp4,-1,-1,25.3105
6032.mp4,-1,-1,37.358
3443.mp4,-1,-1,50.453
5000.mp4,-1,-1,43.306
139.mp4,-1,-1,60.7906
4924.mp4,-1,-1,51.647
1892.mp4,-1,-1,54.4877
2510.mp4,-1,-1,58.5409
6129.mp4,-1,-1,50.4444
2437.mp4,-1,-1,60.5649
4519.mp4,-1,-1,56.2169
2165.mp4,-1,-1,41.5945
1574.mp4,-1,-1,61.7228
805.mp4,-1,-1,33.5294
789.mp4,-1,-1,73.4042
5325.mp4,-1,-1,56.9418
731.mp4,-1,-1,40.3234
755.mp4,-1,-1,42.9193
6166.mp4,-1,-1,59.7837
4260.mp4,-1,-1,47.2792
5821.mp4,-1,-1,51.7891
855.mp4,-1,-1,46.4179
3563.mp4,-1,-1,54.8795
3377.mp4,-1,-1,51.5773
1906.mp4,-1,-1,45.3263
4357.mp4,-1,-1,59.1796
6070.mp4,-1,-1,56.3794
3295.mp4,-1,-1,50.1874
2544.mp4,-1,-1,51.4585
1718.mp4,-1,-1,58.594
4243.mp4,-1,-1,60.7218
92.mp4,-1,-1,44.7484
2680.mp4,-1,-1,63.8886
2664.mp4,-1,-1,60.9449
4874.mp4,-1,-1,45.9747
3867.mp4,-1,-1,43.3012
2754.mp4,-1,-1,53.7271
2519.mp4,-1,-1,53.7158
1552.mp4,-1,-1,36.8365
3140.mp4,-1,-1,52.1754
1315.mp4,-1,-1,59.1602
3424.mp4,-1,-1,53.1338
3690.mp4,-1,-1,63.9322
1161.mp4,-1,-1,46.6158
4942.mp4,-1,-1,56.7838
2538.mp4,-1,-1,53.9212
3460.mp4,-1,-1,50.3834
573.mp4,-1,-1,50.6588
2256.mp4,-1,-1,17.4791
3781.mp4,-1,-1,35.2801
2933.mp4,-1,-1,51.6341
5049.mp4,-1,-1,42.4755
258.mp4,-1,-1,60.2024
5811.mp4,-1,-1,29.3287
4196.mp4,-1,-1,47.0808
492.mp4,-1,-1,46.3823
5323.mp4,-1,-1,32.3989
965.mp4,-1,-1,58.527
2685.mp4,-1,-1,55.8803
3304.mp4,-1,-1,62.5842
6211.mp4,-1,-1,33.6733
1367.mp4,-1,-1,50.308
5878.mp4,-1,-1,51.7371
3970.mp4,-1,-1,67.216
4227.mp4,-1,-1,53.3388
375.mp4,-1,-1,41.7697
1612.mp4,-1,-1,55.6283
4829.mp4,-1,-1,45.3194
4147.mp4,-1,-1,44.1603
4220.mp4,-1,-1,54.2377
4487.mp4,-1,-1,57.311
790.mp4,-1,-1,69.1672
3702.mp4,-1,-1,56.2471
319.mp4,-1,-1,53.8394
1164.mp4,-1,-1,15.0784
298.mp4,-1,-1,41.7716
1097.mp4,-1,-1,61.3508
3431.mp4,-1,-1,56.948
29.mp4,-1,-1,47.793
1627.mp4,-1,-1,34.0023
4580.mp4,-1,-1,57.3729
4785.mp4,-1,-1,59.3355
876.mp4,-1,-1,60.1158
1857.mp4,-1,-1,43.4071
4721.mp4,-1,-1,28.7661
5144.mp4,-1,-1,44.7021
2780.mp4,-1,-1,23.9376
4703.mp4,-1,-1,56.9297
4838.mp4,-1,-1,55.9482
5798.mp4,-1,-1,45.1587
2760.mp4,-1,-1,55.369
200.mp4,-1,-1,29.4316
2421.mp4,-1,-1,43.9167
1870.mp4,-1,-1,34.1564
1522.mp4,-1,-1,40.6296
3692.mp4,-1,-1,55.826
6267.mp4,-1,-1,50.547
4983.mp4,-1,-1,52.2547
648.mp4,-1,-1,48.4598
1309.mp4,-1,-1,61.1857
1217.mp4,-1,-1,57.7275
1831.mp4,-1,-1,51.3581
254.mp4,-1,-1,56.5281
26.mp4,-1,-1,61.2599
5435.mp4,-1,-1,63.412
3305.mp4,-1,-1,54.8939
1403.mp4,-1,-1,59.5927
2127.mp4,-1,-1,60.9336
5640.mp4,-1,-1,44.7396
1422.mp4,-1,-1,55.6676
3509.mp4,-1,-1,37.5541
3774.mp4,-1,-1,44.4246
4780.mp4,-1,-1,53.6936
387.mp4,-1,-1,51.0109
5409.mp4,-1,-1,44.1558
4359.mp4,-1,-1,64.2232
332.mp4,-1,-1,42.4267
3615.mp4,-1,-1,60.7966
3463.mp4,-1,-1,58.0088
4957.mp4,-1,-1,48.6591
2225.mp4,-1,-1,39.2793
5033.mp4,-1,-1,55.1949
3708.mp4,-1,-1,50.9186
5498.mp4,-1,-1,61.7008
5692.mp4,-1,-1,47.7592
4836.mp4,-1,-1,48.4909
670.mp4,-1,-1,43.9429
5094.mp4,-1,-1,54.1549
1245.mp4,-1,-1,56.1987
3282.mp4,-1,-1,50.3607
1905.mp4,-1,-1,39.3988
2537.mp4,-1,-1,38.327
2150.mp4,-1,-1,62.3602
4026.mp4,-1,-1,62.2294
4111.mp4,-1,-1,57.4502
4403.mp4,-1,-1,49.59
86.mp4,-1,-1,64.8071
1997.mp4,-1,-1,64.2565
4702.mp4,-1,-1,52.3181
5691.mp4,-1,-1,56.1039
3476.mp4,-1,-1,34.471
2262.mp4,-1,-1,30.6283
3118.mp4,-1,-1,48.6165
3482.mp4,-1,-1,55.0746
732.mp4,-1,-1,52.2356
1912.mp4,-1,-1,58.0326
3455.mp4,-1,-1,64.851
3223.mp4,-1,-1,50.4253
4790.mp4,-1,-1,45.7893
1246.mp4,-1,-1,50.9415
3134.mp4,-1,-1,58.0889
4494.mp4,-1,-1,40.2747
2668.mp4,-1,-1,32.8625
3581.mp4,-1,-1,51.2688
4595.mp4,-1,-1,64.0499
1932.mp4,-1,-1,55.2273
858.mp4,-1,-1,59.1231
2905.mp4,-1,-1,53.8916
2310.mp4,-1,-1,50.319
428.mp4,-1,-1,49.3831
4176.mp4,-1,-1,58.7981
3002.mp4,-1,-1,61.5612
1904.mp4,-1,-1,59.2045
5636.mp4,-1,-1,39.6016
5131.mp4,-1,-1,53.9732
4077.mp4,-1,-1,44.0468
4868.mp4,-1,-1,47.133
5805.mp4,-1,-1,49.5227
2522.mp4,-1,-1,47.7628
1029.mp4,-1,-1,56.7956
4923.mp4,-1,-1,58.0914
6127.mp4,-1,-1,59.5416
970.mp4,-1,-1,45.4069
4234.mp4,-1,-1,55.1617
2344.mp4,-1,-1,56.9155
5346.mp4,-1,-1,60.4889
2920.mp4,-1,-1,58.4407
4614.mp4,-1,-1,52.5837
4207.mp4,-1,-1,62.9998
1390.mp4,-1,-1,18.3875
2645.mp4,-1,-1,55.0411
413.mp4,-1,-1,44.6909
2426.mp4,-1,-1,63.9793
6148.mp4,-1,-1,46.8386
4483.mp4,-1,-1,52.5989
2996.mp4,-1,-1,50.8402
4906.mp4,-1,-1,52.6467
4095.mp4,-1,-1,30.0309
3687.mp4,-1,-1,30.7454
4627.mp4,-1,-1,58.4264
4267.mp4,-1,-1,61.3044
197.mp4,-1,-1,55.7059
4735.mp4,-1,-1,55.262
4573.mp4,-1,-1,49.8485
6071.mp4,-1,-1,55.3077
4542.mp4,-1,-1,49.8524
4959.mp4,-1,-1,61.3462
71.mp4,-1,-1,60.2223
1879.mp4,-1,-1,57.6795
1952.mp4,-1,-1,47.4989
4947.mp4,-1,-1,50.1981
3987.mp4,-1,-1,55.1914
2231.mp4,-1,-1,52.1132
1971.mp4,-1,-1,44.4947
5845.mp4,-1,-1,56.8663
4712.mp4,-1,-1,43.4232
5380.mp4,-1,-1,36.0057
5928.mp4,-1,-1,55.5752
1283.mp4,-1,-1,61.1227
2992.mp4,-1,-1,63.684
4092.mp4,-1,-1,49.6288
1699.mp4,-1,-1,60.1567
6235.mp4,-1,-1,67.4938
72.mp4,-1,-1,44.6036
563.mp4,-1,-1,42.8053
2373.mp4,-1,-1,48.5704
608.mp4,-1,-1,46.2101
82.mp4,-1,-1,62.3124
5357.mp4,-1,-1,54.6371
312.mp4,-1,-1,35.8362
2292.mp4,-1,-1,53.1848
2408.mp4,-1,-1,57.7927
108.mp4,-1,-1,54.5061
4693.mp4,-1,-1,44.6411
2318.mp4,-1,-1,60.8049
4591.mp4,-1,-1,62.925
5432.mp4,-1,-1,50.3228
1517.mp4,-1,-1,56.7475
1366.mp4,-1,-1,23.1024
4875.mp4,-1,-1,58.9903
750.mp4,-1,-1,45.553
4285.mp4,-1,-1,51.8611
405.mp4,-1,-1,41.6163
340.mp4,-1,-1,31.9763
109.mp4,-1,-1,68.133
4086.mp4,-1,-1,40.5594
3402.mp4,-1,-1,41.3179
715.mp4,-1,-1,49.073
304.mp4,-1,-1,34.7379
2259.mp4,-1,-1,59.7279
2384.mp4,-1,-1,56.8332
2512.mp4,-1,-1,51.3043
3742.mp4,-1,-1,50.4488
2546.mp4,-1,-1,58.9728
1303.mp4,-1,-1,60.5105
1147.mp4,-1,-1,51.9126
5110.mp4,-1,-1,40.6868
2179.mp4,-1,-1,55.3467
2034.mp4,-1,-1,49.6883
3856.mp4,-1,-1,46.1953
112.mp4,-1,-1,60.4099
538.mp4,-1,-1,67.3347
4470.mp4,-1,-1,52.6589
1550.mp4,-1,-1,54.2202
3989.mp4,-1,-1,49.1564
3171.mp4,-1,-1,59.4608
3617.mp4,-1,-1,49.3613
5044.mp4,-1,-1,48.98
3400.mp4,-1,-1,60.8395
87.mp4,-1,-1,58.7007
3261.mp4,-1,-1,54.2673
4347.mp4,-1,-1,58.8208
5600.mp4,-1,-1,53.9617
1644.mp4,-1,-1,54.3407
5848.mp4,-1,-1,45.2903
5665.mp4,-1,-1,53.7047
4477.mp4,-1,-1,51.9009
1930.mp4,-1,-1,52.5186
4442.mp4,-1,-1,53.5894
1115.mp4,-1,-1,44.1949
2404.mp4,-1,-1,49.1621
1047.mp4,-1,-1,67.472
5975.mp4,-1,-1,50.0416
3913.mp4,-1,-1,37.6016
97.mp4,-1,-1,66.1743
6103.mp4,-1,-1,56.662
4532.mp4,-1,-1,61.7195
6131.mp4,-1,-1,14.5926
5341.mp4,-1,-1,28.7249
582.mp4,-1,-1,51.5282
4164.mp4,-1,-1,40.6004
1190.mp4,-1,-1,50.8933
2638.mp4,-1,-1,37.2477
1310.mp4,-1,-1,53.4746
2988.mp4,-1,-1,58.4169
5596.mp4,-1,-1,53.7005
145.mp4,-1,-1,62.1581
577.mp4,-1,-1,52.6973
126.mp4,-1,-1,39.7284
4718.mp4,-1,-1,46.0867
5045.mp4,-1,-1,55.0042
426.mp4,-1,-1,63.3658
4435.mp4,-1,-1,48.7451
5203.mp4,-1,-1,52.8494
4623.mp4,-1,-1,53.904
2572.mp4,-1,-1,56.5664
4652.mp4,-1,-1,45.3877
2960.mp4,-1,-1,33.5363
4175.mp4,-1,-1,57.6172
821.mp4,-1,-1,54.6549
5639.mp4,-1,-1,47.5037
3703.mp4,-1,-1,56.3316
4794.mp4,-1,-1,40.4678
5324.mp4,-1,-1,57.8597
1474.mp4,-1,-1,32.6467
3457.mp4,-1,-1,54.6423
6283.mp4,-1,-1,62.2178
4576.mp4,-1,-1,62.608
1890.mp4,-1,-1,44.7103
3853.mp4,-1,-1,57.5519
5233.mp4,-1,-1,46.3137
1219.mp4,-1,-1,58.575
557.mp4,-1,-1,42.5097
6144.mp4,-1,-1,59.9777
2914.mp4,-1,-1,52.6921
1048.mp4,-1,-1,50.4819
487.mp4,-1,-1,38.1421
439.mp4,-1,-1,38.5663
592.mp4,-1,-1,48.1655
5412.mp4,-1,-1,68.0378
3320.mp4,-1,-1,50.1451
6042.mp4,-1,-1,29.4847
1329.mp4,-1,-1,59.5463
602.mp4,-1,-1,55.9327
6181.mp4,-1,-1,61.0596
3596.mp4,-1,-1,54.7493
830.mp4,-1,-1,60.5259
2695.mp4,-1,-1,47.7371
2614.mp4,-1,-1,51.6765
2752.mp4,-1,-1,60.0457
5005.mp4,-1,-1,54.4401
3354.mp4,-1,-1,60.2096
3654.mp4,-1,-1,50.9687
762.mp4,-1,-1,38.6755
4172.mp4,-1,-1,55.8409
2650.mp4,-1,-1,42.0656
1251.mp4,-1,-1,68.4919
4394.mp4,-1,-1,52.73
3990.mp4,-1,-1,67.7614
2708.mp4,-1,-1,55.4305
5922.mp4,-1,-1,43.0642
3078.mp4,-1,-1,49.2533
4533.mp4,-1,-1,64.3384
3166.mp4,-1,-1,47.325
659.mp4,-1,-1,65.6176
1695.mp4,-1,-1,50.2779
45.mp4,-1,-1,51.0442
884.mp4,-1,-1,59.7436
5057.mp4,-1,-1,57.1728
4616.mp4,-1,-1,44.358
3616.mp4,-1,-1,35.6525
5528.mp4,-1,-1,52.7664
5023.mp4,-1,-1,49.3778
4416.mp4,-1,-1,53.768
3176.mp4,-1,-1,54.701
1528.mp4,-1,-1,49.0153
4800.mp4,-1,-1,46.3889
1576.mp4,-1,-1,61.3026
5822.mp4,-1,-1,69.9242
807.mp4,-1,-1,57.5179
996.mp4,-1,-1,56.1021
2443.mp4,-1,-1,21.2999
336.mp4,-1,-1,52.6599
5626.mp4,-1,-1,64.4052
2531.mp4,-1,-1,62.2791
5730.mp4,-1,-1,42.1474
1247.mp4,-1,-1,40.4778
99.mp4,-1,-1,53.8239
5869.mp4,-1,-1,57.9924
1171.mp4,-1,-1,51.6408
3512.mp4,-1,-1,50.3
2800.mp4,-1,-1,51.0306
4194.mp4,-1,-1,52.8365
4995.mp4,-1,-1,46.3708
2938.mp4,-1,-1,50.5708
3067.mp4,-1,-1,60.9839
5648.mp4,-1,-1,49.6835
2503.mp4,-1,-1,51.5504
13.mp4,-1,-1,60.0709
5113.mp4,-1,-1,41.0603
4564.mp4,-1,-1,47.2955
1679.mp4,-1,-1,25.8175
2153.mp4,-1,-1,49.1177
117.mp4,-1,-1,53.8918
798.mp4,-1,-1,49.1018
3071.mp4,-1,-1,45.8984
651.mp4,-1,-1,22.7092
5808.mp4,-1,-1,59.0021
3584.mp4,-1,-1,59.2965
1599.mp4,-1,-1,49.1249
4495.mp4,-1,-1,51.7182
252.mp4,-1,-1,42.7362
4336.mp4,-1,-1,38.1803
1453.mp4,-1,-1,38.8401
2244.mp4,-1,-1,48.029
1419.mp4,-1,-1,67.2312
2832.mp4,-1,-1,36.6073
3942.mp4,-1,-1,43.1525
794.mp4,-1,-1,38.3397
3589.mp4,-1,-1,58.409
103.mp4,-1,-1,42.1713
2564.mp4,-1,-1,30.3102
2533.mp4,-1,-1,57.9924
6121.mp4,-1,-1,40.6621
3183.mp4,-1,-1,50.7564
2593.mp4,-1,-1,47.2364
4767.mp4,-1,-1,36.271
3185.mp4,-1,-1,33.3784
4993.mp4,-1,-1,47.785
2555.mp4,-1,-1,55.1296
5165.mp4,-1,-1,44.685
2571.mp4,-1,-1,56.1345
1942.mp4,-1,-1,68.1335
5426.mp4,-1,-1,47.5892
1766.mp4,-1,-1,35.2401
1259.mp4,-1,-1,53.7905
4492.mp4,-1,-1,57.2113
3045.mp4,-1,-1,29.8749
4504.mp4,-1,-1,55.5966
5153.mp4,-1,-1,60.0179
5615.mp4,-1,-1,23.0245
2849.mp4,-1,-1,48.7054
3958.mp4,-1,-1,28.4894
3058.mp4,-1,-1,66.1521
1468.mp4,-1,-1,32.2819
2743.mp4,-1,-1,38.6758
2506.mp4,-1,-1,69.0593
2333.mp4,-1,-1,54.3183
4570.mp4,-1,-1,44.4706
3973.mp4,-1,-1,54.4545
1878.mp4,-1,-1,64.224
4680.mp4,-1,-1,50.3491
3620.mp4,-1,-1,43.5827
2565.mp4,-1,-1,57.7664
791.mp4,-1,-1,57.3972
5915.mp4,-1,-1,45.6077
3189.mp4,-1,-1,57.9375
6023.mp4,-1,-1,41.711
5754.mp4,-1,-1,59.6823
4698.mp4,-1,-1,50.2031
6179.mp4,-1,-1,17.6423
6081.mp4,-1,-1,35.9423
934.mp4,-1,-1,62.2337
2909.mp4,-1,-1,22.4232
5283.mp4,-1,-1,50.3836
2332.mp4,-1,-1,49.4988
5699.mp4,-1,-1,23.8042
1266.mp4,-1,-1,40.5538
2604.mp4,-1,-1,59.7394
338.mp4,-1,-1,52.5748
442.mp4,-1,-1,36.8547
3782.mp4,-1,-1,65.2607
4032.mp4,-1,-1,43.8625
2675.mp4,-1,-1,25.9144
2904.mp4,-1,-1,23.6828
4553.mp4,-1,-1,61.8979
5589.mp4,-1,-1,51.4181
1203.mp4,-1,-1,56.342
1431.mp4,-1,-1,53.4496
4879.mp4,-1,-1,48.3442
5661.mp4,-1,-1,56.6679
4121.mp4,-1,-1,57.7307
1120.mp4,-1,-1,60.3221
3065.mp4,-1,-1,45.6735
2298.mp4,-1,-1,52.6987
2409.mp4,-1,-1,51.4077
1298.mp4,-1,-1,54.4972
6208.mp4,-1,-1,53.0388
4279.mp4,-1,-1,63.3146
4840.mp4,-1,-1,55.796
4411.mp4,-1,-1,62.1835
3388.mp4,-1,-1,41.4025
5460.mp4,-1,-1,12.8905
483.mp4,-1,-1,48.1418
5486.mp4,-1,-1,33.9161
1839.mp4,-1,-1,65.1642
4216.mp4,-1,-1,53.3426
2151.mp4,-1,-1,63.4968
5909.mp4,-1,-1,56.3722
523.mp4,-1,-1,48.5611
4538.mp4,-1,-1,54.1055
2776.mp4,-1,-1,57.5561
4418.mp4,-1,-1,47.0943
5031.mp4,-1,-1,53.4453
232.mp4,-1,-1,63.8694
2043.mp4,-1,-1,54.5014
3627.mp4,-1,-1,68.6556
5572.mp4,-1,-1,56.789
3925.mp4,-1,-1,49.2427
2766.mp4,-1,-1,54.3747
3671.mp4,-1,-1,49.7385
5491.mp4,-1,-1,47.8203
4155.mp4,-1,-1,63.6753
478.mp4,-1,-1,52.3928
3809.mp4,-1,-1,37.6969
236.mp4,-1,-1,60.4022
3779.mp4,-1,-1,60.8393
1852.mp4,-1,-1,51.4665
4949.mp4,-1,-1,47.2765
3234.mp4,-1,-1,48.3856
2476.mp4,-1,-1,59.3266
671.mp4,-1,-1,51.2897
4886.mp4,-1,-1,40.3607
4965.mp4,-1,-1,42.3521
3262.mp4,-1,-1,48.6028
1830.mp4,-1,-1,53.0032
1392.mp4,-1,-1,68.0553
60.mp4,-1,-1,59.1554
1886.mp4,-1,-1,51.9214
1446.mp4,-1,-1,69.6853
626.mp4,-1,-1,40.5585
1639.mp4,-1,-1,54.3175
5649.mp4,-1,-1,53.4883
3955.mp4,-1,-1,41.5476
3972.mp4,-1,-1,52.0814
4047.mp4,-1,-1,54.8718
399.mp4,-1,-1,54.7863
4545.mp4,-1,-1,56.0192
4654.mp4,-1,-1,52.668
5834.mp4,-1,-1,59.2663
1212.mp4,-1,-1,53.1283
4585.mp4,-1,-1,36.2882
5436.mp4,-1,-1,43.019
1321.mp4,-1,-1,54.3901
1728.mp4,-1,-1,62.6469
772.mp4,-1,-1,61.5009
370.mp4,-1,-1,62.0622
527.mp4,-1,-1,46.4805
2257.mp4,-1,-1,56.6356
1439.mp4,-1,-1,58.2146
2337.mp4,-1,-1,46.2034
2323.mp4,-1,-1,47.3444
150.mp4,-1,-1,41.6385
5149.mp4,-1,-1,57.7143
4764.mp4,-1,-1,49.126
2354.mp4,-1,-1,54.5069
1597.mp4,-1,-1,63.2916
998.mp4,-1,-1,35.5842
2706.mp4,-1,-1,60.337
796.mp4,-1,-1,22.726
2561.mp4,-1,-1,42.3898
983.mp4,-1,-1,58.0652
2788.mp4,-1,-1,60.5988
605.mp4,-1,-1,49.3063
3887.mp4,-1,-1,48.3321
2778.mp4,-1,-1,59.2368
931.mp4,-1,-1,57.7056
4476.mp4,-1,-1,46.2497
872.mp4,-1,-1,63.1663
1888.mp4,-1,-1,61.4506
3936.mp4,-1,-1,32.9555
3264.mp4,-1,-1,57.0591
4625.mp4,-1,-1,60.7436
5006.mp4,-1,-1,64.8126
4360.mp4,-1,-1,48.2012
4826.mp4,-1,-1,62.7216
4028.mp4,-1,-1,51.8224
22.mp4,-1,-1,46.3177
352.mp4,-1,-1,52.2541
386.mp4,-1,-1,44.2031
690.mp4,-1,-1,53.636
5202.mp4,-1,-1,45.7979
218.mp4,-1,-1,36.07
6202.mp4,-1,-1,61.1584
2682.mp4,-1,-1,48.1915
2878.mp4,-1,-1,56.3127
5736.mp4,-1,-1,56.7092
860.mp4,-1,-1,47.0167
1198.mp4,-1,-1,63.6296
4760.mp4,-1,-1,54.5493
625.mp4,-1,-1,53.0253
4575.mp4,-1,-1,53.2232
5468.mp4,-1,-1,67.4183
1640.mp4,-1,-1,51.1316
3270.mp4,-1,-1,46.1608
4326.mp4,-1,-1,50.1776
4363.mp4,-1,-1,52.0635
4412.mp4,-1,-1,55.7248
5608.mp4,-1,-1,58.0979
2895.mp4,-1,-1,63.8809
2907.mp4,-1,-1,52.7023
3840.mp4,-1,-1,47.5354
881.mp4,-1,-1,47.1926
1789.mp4,-1,-1,37.0869
5039.mp4,-1,-1,43.1656
4437.mp4,-1,-1,48.1803
2495.mp4,-1,-1,50.8066
4449.mp4,-1,-1,57.2603
2875.mp4,-1,-1,53.0267
384.mp4,-1,-1,37.5686
3771.mp4,-1,-1,56.1404
1285.mp4,-1,-1,65.0201
4535.mp4,-1,-1,52.2967
6156.mp4,-1,-1,64.3035
4053.mp4,-1,-1,50.8557
3274.mp4,-1,-1,57.2971
3483.mp4,-1,-1,48.7996
5189.mp4,-1,-1,37.4022
1455.mp4,-1,-1,53.5439
1213.mp4,-1,-1,62.1397
5511.mp4,-1,-1,58.0632
5767.mp4,-1,-1,50.2196
4362.mp4,-1,-1,49.8987
5645.mp4,-1,-1,51.3048
2302.mp4,-1,-1,54.6037
845.mp4,-1,-1,46.9625
509.mp4,-1,-1,54.877
701.mp4,-1,-1,48.9371
290.mp4,-1,-1,45.0497
1985.mp4,-1,-1,41.6077
3854.mp4,-1,-1,47.4143
1555.mp4,-1,-1,69.366
5910.mp4,-1,-1,41.8763
2079.mp4,-1,-1,67.6515
1768.mp4,-1,-1,61.4533
1661.mp4,-1,-1,51.9066
125.mp4,-1,-1,56.7167
513.mp4,-1,-1,37.4586
4107.mp4,-1,-1,57.0285
3898.mp4,-1,-1,50.2255
2913.mp4,-1,-1,48.9784
3715.mp4,-1,-1,59.9837
2313.mp4,-1,-1,53.2326
2030.mp4,-1,-1,60.2087
5727.mp4,-1,-1,53.9424
5829.mp4,-1,-1,51.2944
1252.mp4,-1,-1,60.2258
2873.mp4,-1,-1,60.4006
1822.mp4,-1,-1,38.0465
962.mp4,-1,-1,67.9868
436.mp4,-1,-1,60.7277
961.mp4,-1,-1,13.6054
5417.mp4,-1,-1,53.9926
5018.mp4,-1,-1,53.682
1560.mp4,-1,-1,49.5674
4473.mp4,-1,-1,45.1875
1324.mp4,-1,-1,45.9088
3897.mp4,-1,-1,49.6462
5455.mp4,-1,-1,16.7681
4911.mp4,-1,-1,56.4783
3880.mp4,-1,-1,58.6373
2263.mp4,-1,-1,43.7527
2312.mp4,-1,-1,54.3214
2122.mp4,-1,-1,50.8144
1745.mp4,-1,-1,40.7652
323.mp4,-1,-1,44.9825
1854.mp4,-1,-1,61.5783
4208.mp4,-1,-1,47.9153
1380.mp4,-1,-1,56.161
1293.mp4,-1,-1,57.7148
4555.mp4,-1,-1,25.8495
1622.mp4,-1,-1,66.343
5743.mp4,-1,-1,68.7762
392.mp4,-1,-1,53.0043
5170.mp4,-1,-1,60.2951
5027.mp4,-1,-1,55.6681
6238.mp4,-1,-1,49.056
2091.mp4,-1,-1,54.2681
4705.mp4,-1,-1,49.8507
2275.mp4,-1,-1,46.6779
2041.mp4,-1,-1,56.7312
871.mp4,-1,-1,62.8236
2581.mp4,-1,-1,52.8619
4864.mp4,-1,-1,50.6574
3290.mp4,-1,-1,61.4297
1402.mp4,-1,-1,47.3805
2967.mp4,-1,-1,42.1556
4018.mp4,-1,-1,53.9131
988.mp4,-1,-1,35.7558
4123.mp4,-1,-1,42.6214
1651.mp4,-1,-1,44.1462
447.mp4,-1,-1,66.5269
2048.mp4,-1,-1,39.7245
5914.mp4,-1,-1,61.7853
587.mp4,-1,-1,26.8215
5942.mp4,-1,-1,53.1654
2876.mp4,-1,-1,46.0824
2874.mp4,-1,-1,60.6536
3313.mp4,-1,-1,58.2908
1144.mp4,-1,-1,60.9434
2783.mp4,-1,-1,53.3682
3252.mp4,-1,-1,62.2727
5121.mp4,-1,-1,30.8934
909.mp4,-1,-1,44.6591
2306.mp4,-1,-1,33.7045
6207.mp4,-1,-1,60.8563
2461.mp4,-1,-1,53.861
5001.mp4,-1,-1,49.3956
1032.mp4,-1,-1,64.5857
4112.mp4,-1,-1,43.2734
4270.mp4,-1,-1,53.5269
4991.mp4,-1,-1,55.6796
2162.mp4,-1,-1,62.6434
207.mp4,-1,-1,42.9042
2190.mp4,-1,-1,58.4568
1343.mp4,-1,-1,40.6875
5194.mp4,-1,-1,47.4366
2268.mp4,-1,-1,56.7051
1659.mp4,-1,-1,61.2237
5732.mp4,-1,-1,47.1637
5239.mp4,-1,-1,52.9108
5249.mp4,-1,-1,60.5862
91.mp4,-1,-1,38.3323
257.mp4,-1,-1,34.4779
23.mp4,-1,-1,60.9747
2093.mp4,-1,-1,58.4537
1567.mp4,-1,-1,43.2593
433.mp4,-1,-1,44.945
5114.mp4,-1,-1,47.1446
1790.mp4,-1,-1,57.4191
1328.mp4,-1,-1,62.9822
6215.mp4,-1,-1,69.9214
314.mp4,-1,-1,36.2645
1485.mp4,-1,-1,46.834
3928.mp4,-1,-1,58.9641
5711.mp4,-1,-1,49.5305
5775.mp4,-1,-1,43.1077
569.mp4,-1,-1,49.2121
1941.mp4,-1,-1,46.1042
2672.mp4,-1,-1,57.6873
4183.mp4,-1,-1,61.8868
4700.mp4,-1,-1,50.497
328.mp4,-1,-1,45.2089
5331.mp4,-1,-1,57.5525
5932.mp4,-1,-1,29.2796
2377.mp4,-1,-1,56.2525
2507.mp4,-1,-1,47.1267
3595.mp4,-1,-1,54.3457
4113.mp4,-1,-1,47.4484
1570.mp4,-1,-1,57.4343
5787.mp4,-1,-1,52.0014
5847.mp4,-1,-1,52.0898
3484.mp4,-1,-1,55.4659
2514.mp4,-1,-1,39.886
958.mp4,-1,-1,53.0572
4446.mp4,-1,-1,59.4647
1928.mp4,-1,-1,32.1329
2729.mp4,-1,-1,50.6496
262.mp4,-1,-1,66.1586
5783.mp4,-1,-1,50.2227
1814.mp4,-1,-1,45.9091
957.mp4,-1,-1,61.9228
3233.mp4,-1,-1,55.4324
5555.mp4,-1,-1,54.9573
4288.mp4,-1,-1,59.1245
3430.mp4,-1,-1,65.6289
2694.mp4,-1,-1,62.2644
3137.mp4,-1,-1,53.2445
1972.mp4,-1,-1,48.1017
6195.mp4,-1,-1,46.8385
4763.mp4,-1,-1,65.7232
2868.mp4,-1,-1,39.0565
294.mp4,-1,-1,41.3881
3860.mp4,-1,-1,56.0311
660.mp4,-1,-1,59.479
4678.mp4,-1,-1,51.8259
1603.mp4,-1,-1,53.0775
1821.mp4,-1,-1,46.3237
5055.mp4,-1,-1,58.8007
2501.mp4,-1,-1,38.6308
3141.mp4,-1,-1,61.9681
2919.mp4,-1,-1,64.2577
326.mp4,-1,-1,60.8644
4452.mp4,-1,-1,49.0799
5881.mp4,-1,-1,71.198
756.mp4,-1,-1,62.055
2733.mp4,-1,-1,36.3617
6190.mp4,-1,-1,44.0067
5461.mp4,-1,-1,57.3262
5586.mp4,-1,-1,60.3822
3516.mp4,-1,-1,52.2261
4711.mp4,-1,-1,59.0968
4524.mp4,-1,-1,48.0308
3405.mp4,-1,-1,36.2845
5603.mp4,-1,-1,32.1044
5087.mp4,-1,-1,52.8225
5985.mp4,-1,-1,59.9827
5234.mp4,-1,-1,52.1405
3837.mp4,-1,-1,38.4643
4282.mp4,-1,-1,60.7015
1215.mp4,-1,-1,51.1118
5374.mp4,-1,-1,45.2797
5032.mp4,-1,-1,57.7631
1734.mp4,-1,-1,50.2795
245.mp4,-1,-1,53.6277
1086.mp4,-1,-1,48.181
2681.mp4,-1,-1,37.4669
1158.mp4,-1,-1,57.7081
1326.mp4,-1,-1,53.9562
2959.mp4,-1,-1,61.2363
281.mp4,-1,-1,56.808
3806.mp4,-1,-1,49.9891
5949.mp4,-1,-1,60.6033
5164.mp4,-1,-1,62.6365
459.mp4,-1,-1,58.6618
5974.mp4,-1,-1,49.864
1844.mp4,-1,-1,32.8129
2928.mp4,-1,-1,56.706
2649.mp4,-1,-1,49.4452
4778.mp4,-1,-1,55.6139
2274.mp4,-1,-1,50.3233
5339.mp4,-1,-1,38.5555
4040.mp4,-1,-1,56.1585
1858.mp4,-1,-1,44.1861
4143.mp4,-1,-1,58.3594
5576.mp4,-1,-1,31.8341
1104.mp4,-1,-1,45.5097
2427.mp4,-1,-1,56.4089
3478.mp4,-1,-1,60.0783
4012.mp4,-1,-1,65.1254
4371.mp4,-1,-1,54.6008
6260.mp4,-1,-1,40.8754
2120.mp4,-1,-1,47.2008
3472.mp4,-1,-1,64.651
4861.mp4,-1,-1,47.9912
5150.mp4,-1,-1,58.2336
4803.mp4,-1,-1,44.135
1893.mp4,-1,-1,35.7064
1168.mp4,-1,-1,48.5666
540.mp4,-1,-1,56.1747
6012.mp4,-1,-1,60.7365
726.mp4,-1,-1,71.8488
2545.mp4,-1,-1,49.3702
729.mp4,-1,-1,67.5434
4648.mp4,-1,-1,51.6909
893.mp4,-1,-1,54.4265
632.mp4,-1,-1,37.3235
3365.mp4,-1,-1,60.049
1122.mp4,-1,-1,65.4486
5577.mp4,-1,-1,58.2802
35.mp4,-1,-1,44.2818
480.mp4,-1,-1,44.034
5574.mp4,-1,-1,64.3452
2678.mp4,-1,-1,69.3892
2213.mp4,-1,-1,47.4643
3964.mp4,-1,-1,40.1227
3804.mp4,-1,-1,46.9657
5002.mp4,-1,-1,42.4918
5381.mp4,-1,-1,54.4999
6050.mp4,-1,-1,51.9917
2472.mp4,-1,-1,51.6504
5241.mp4,-1,-1,50.1674
3465.mp4,-1,-1,55.3694
2880.mp4,-1,-1,39.6623
2438.mp4,-1,-1,36.1541
2532.mp4,-1,-1,58.4078
5641.mp4,-1,-1,18.6245
5797.mp4,-1,-1,57.785
5987.mp4,-1,-1,58.349
904.mp4,-1,-1,63.0594
1344.mp4,-1,-1,39.7627
2891.mp4,-1,-1,59.155
1165.mp4,-1,-1,30.3558
1604.mp4,-1,-1,48.4619
223.mp4,-1,-1,41.2149
1265.mp4,-1,-1,44.1345
5173.mp4,-1,-1,55.9371
1787.mp4,-1,-1,53.1068
4900.mp4,-1,-1,61.8739
5629.mp4,-1,-1,45.4983
3647.mp4,-1,-1,53.5301
2498.mp4,-1,-1,65.8731
886.mp4,-1,-1,43.4756
4892.mp4,-1,-1,55.2725
2070.mp4,-1,-1,58.959
4333.mp4,-1,-1,48.7415
5862.mp4,-1,-1,52.7366
3041.mp4,-1,-1,58.2871
4046.mp4,-1,-1,43.2143
2811.mp4,-1,-1,58.3844
1647.mp4,-1,-1,51.1938
5580.mp4,-1,-1,26.6256
1784.mp4,-1,-1,58.0489
6237.mp4,-1,-1,49.8747
5813.mp4,-1,-1,57.4887
3659.mp4,-1,-1,56.1621
5885.mp4,-1,-1,66.0069
1778.mp4,-1,-1,53.6209
3893.mp4,-1,-1,30.3137
504.mp4,-1,-1,61.3075
2160.mp4,-1,-1,56.6977
5652.mp4,-1,-1,40.6028
664.mp4,-1,-1,44.1934
3464.mp4,-1,-1,48.4996
6018.mp4,-1,-1,37.7708
3745.mp4,-1,-1,49.9561
5434.mp4,-1,-1,45.9467
3680.mp4,-1,-1,58.609
3181.mp4,-1,-1,37.6919
2462.mp4,-1,-1,30.3903
2735.mp4,-1,-1,54.7676
2388.mp4,-1,-1,66.4355
6147.mp4,-1,-1,57.2979
4850.mp4,-1,-1,63.7039
3010.mp4,-1,-1,27.8854
110.mp4,-1,-1,51.0621
2100.mp4,-1,-1,47.7427
3232.mp4,-1,-1,62.7817
5550.mp4,-1,-1,42.6976
1813.mp4,-1,-1,53.1438
3761.mp4,-1,-1,57.0449
890.mp4,-1,-1,54.1365
3155.mp4,-1,-1,56.922
606.mp4,-1,-1,52.2379
2118.mp4,-1,-1,54.9419
6054.mp4,-1,-1,39.3985
1666.mp4,-1,-1,45.3625
4865.mp4,-1,-1,53.4628
3401.mp4,-1,-1,47.4328
1519.mp4,-1,-1,51.8093
2026.mp4,-1,-1,56.0484
1841.mp4,-1,-1,56.9254
2910.mp4,-1,-1,62.9585
2665.mp4,-1,-1,57.9055
761.mp4,-1,-1,48.13
3683.mp4,-1,-1,39.7423
5776.mp4,-1,-1,22.2441
497.mp4,-1,-1,47.0283
764.mp4,-1,-1,65.4571
3601.mp4,-1,-1,50.787
1513.mp4,-1,-1,56.4311
3535.mp4,-1,-1,54.273
6037.mp4,-1,-1,61.4848
1805.mp4,-1,-1,54.5357
1223.mp4,-1,-1,41.8997
4990.mp4,-1,-1,55.2616
4019.mp4,-1,-1,57.1573
448.mp4,-1,-1,43.9304
674.mp4,-1,-1,56.6285
2112.mp4,-1,-1,49.1647
5984.mp4,-1,-1,45.1402
6221.mp4,-1,-1,54.8476
1899.mp4,-1,-1,61.9907
5421.mp4,-1,-1,38.3341
1705.mp4,-1,-1,18.0859
5403.mp4,-1,-1,55.9297
4296.mp4,-1,-1,50.5219
5715.mp4,-1,-1,48.7225
1124.mp4,-1,-1,52.4283
3321.mp4,-1,-1,48.0781
2230.mp4,-1,-1,54.6278
3063.mp4,-1,-1,51.027
4071.mp4,-1,-1,48.1812
3423.mp4,-1,-1,46.0308
2458.mp4,-1,-1,14.0803
1618.mp4,-1,-1,49.2627
248.mp4,-1,-1,39.1584
1826.mp4,-1,-1,62.4755
3565.mp4,-1,-1,49.2213
4786.mp4,-1,-1,43.9909
4257.mp4,-1,-1,58.6165
6123.mp4,-1,-1,58.9803
3598.mp4,-1,-1,60.5443
1242.mp4,-1,-1,35.5629
1028.mp4,-1,-1,45.3335
3192.mp4,-1,-1,45.0122
3144.mp4,-1,-1,63.9322
2423.mp4,-1,-1,61.4023
6160.mp4,-1,-1,49.9638
1044.mp4,-1,-1,31.3567
1808.mp4,-1,-1,34.2761
461.mp4,-1,-1,51.8427
5900.mp4,-1,-1,47.4398
2393.mp4,-1,-1,54.4336
354.mp4,-1,-1,44.6859
1609.mp4,-1,-1,58.0404
2322.mp4,-1,-1,50.3518
1546.mp4,-1,-1,52.0182
1515.mp4,-1,-1,27.8003
5093.mp4,-1,-1,62.6614
1936.mp4,-1,-1,63.915
222.mp4,-1,-1,54.034
691.mp4,-1,-1,49.517
2300.mp4,-1,-1,57.6126
737.mp4,-1,-1,27.8397
4761.mp4,-1,-1,50.4386
1769.mp4,-1,-1,36.0408
4781.mp4,-1,-1,55.1816
854.mp4,-1,-1,49.6576
2038.mp4,-1,-1,46.6612
388.mp4,-1,-1,45.2882
4792.mp4,-1,-1,47.072
995.mp4,-1,-1,34.0589
4795.mp4,-1,-1,52.9816
2769.mp4,-1,-1,47.8022
5350.mp4,-1,-1,51.6261
5637.mp4,-1,-1,64.3117
4023.mp4,-1,-1,51.4898
4013.mp4,-1,-1,47.0828
4080.mp4,-1,-1,39.5796
1085.mp4,-1,-1,54.0404
5536.mp4,-1,-1,63.0219
4461.mp4,-1,-1,48.1782
6004.mp4,-1,-1,43.6571
1944.mp4,-1,-1,46.9285
2366.mp4,-1,-1,60.1599
552.mp4,-1,-1,61.6048
1489.mp4,-1,-1,42.8966
3783.mp4,-1,-1,26.0523
4916.mp4,-1,-1,45.4063
593.mp4,-1,-1,44.8598
2045.mp4,-1,-1,43.2132
1302.mp4,-1,-1,48.9109
1304.mp4,-1,-1,39.7094
1882.mp4,-1,-1,53.0799
302.mp4,-1,-1,19.9315
180.mp4,-1,-1,38.5351
1278.mp4,-1,-1,60.9365
2518.mp4,-1,-1,54.3268
2542.mp4,-1,-1,28.8426
622.mp4,-1,-1,48.8846
2424.mp4,-1,-1,33.8954
5415.mp4,-1,-1,42.8451
3036.mp4,-1,-1,46.8932
