2742.mp4,-1,-1,58.7586
2892.mp4,-1,-1,55.828
2146.mp4,-1,-1,54.0016
4491.mp4,-1,-1,54.5865
203.mp4,-1,-1,60.5874
187.mp4,-1,-1,54.5824
1214.mp4,-1,-1,20.494
392.mp4,-1,-1,49.827
3541.mp4,-1,-1,57.1502
3863.mp4,-1,-1,58.9115
5759.mp4,-1,-1,52.3811
3905.mp4,-1,-1,64.841
20.mp4,-1,-1,42.2157
4780.mp4,-1,-1,57.751
2386.mp4,-1,-1,45.7682
5768.mp4,-1,-1,46.7965
2801.mp4,-1,-1,62.0555
180.mp4,-1,-1,36.4275
3965.mp4,-1,-1,37.0408
3080.mp4,-1,-1,46.1035
4309.mp4,-1,-1,48.5103
6262.mp4,-1,-1,47.1606
1852.mp4,-1,-1,63.6532
1625.mp4,-1,-1,59.8191
4398.mp4,-1,-1,66.7809
1632.mp4,-1,-1,49.7491
536.mp4,-1,-1,65.4372
3805.mp4,-1,-1,48.7838
2665.mp4,-1,-1,61.12
5922.mp4,-1,-1,44.3504
3990.mp4,-1,-1,68.9301
2472.mp4,-1,-1,43.7193
4542.mp4,-1,-1,47.3203
4924.mp4,-1,-1,54.3062
3415.mp4,-1,-1,48.9965
5485.mp4,-1,-1,33.3097
629.mp4,-1,-1,59.4975
3584.mp4,-1,-1,59.3227
500.mp4,-1,-1,65.2642
4691.mp4,-1,-1,40.8213
3616.mp4,-1,-1,29.5128
5117.mp4,-1,-1,46.9863
3115.mp4,-1,-1,35.572
1571.mp4,-1,-1,22.5799
556.mp4,-1,-1,46.4711
3632.mp4,-1,-1,64.7729
4703.mp4,-1,-1,47.8376
548.mp4,-1,-1,57.4961
3492.mp4,-1,-1,43.5743
5896.mp4,-1,-1,59.8364
3523.mp4,-1,-1,58.8892
4690.mp4,-1,-1,59.2919
2937.mp4,-1,-1,59.0576
3907.mp4,-1,-1,22.8362
1235.mp4,-1,-1,56.0757
537.mp4,-1,-1,57.0396
5385.mp4,-1,-1,46.5431
3779.mp4,-1,-1,66.4272
2220.mp4,-1,-1,54.2067
4717.mp4,-1,-1,70.3893
2333.mp4,-1,-1,41.6034
1170.mp4,-1,-1,58.2772
2318.mp4,-1,-1,63.1062
749.mp4,-1,-1,42.5319
117.mp4,-1,-1,55.7067
1397.mp4,-1,-1,48.968
1027.mp4,-1,-1,59.2742
4453.mp4,-1,-1,53.6716
4010.mp4,-1,-1,29.5435
4598.mp4,-1,-1,39.4176
2324.mp4,-1,-1,50.3712
2187.mp4,-1,-1,49.8799
467.mp4,-1,-1,57.4767
2443.mp4,-1,-1,31.8574
1476.mp4,-1,-1,44.7564
4208.mp4,-1,-1,56.3718
2700.mp4,-1,-1,45.0525
2298.mp4,-1,-1,50.9067
4830.mp4,-1,-1,62.4395
5311.mp4,-1,-1,53.4251
4610.mp4,-1,-1,37.7709
3978.mp4,-1,-1,18.2667
6204.mp4,-1,-1,65.5367
2555.mp4,-1,-1,57.865
824.mp4,-1,-1,44.4488
5629.mp4,-1,-1,46.8339
618.mp4,-1,-1,39.3614
3708.mp4,-1,-1,54.3637
5872.mp4,-1,-1,55.329
5838.mp4,-1,-1,55.6251
887.mp4,-1,-1,24.2644
2517.mp4,-1,-1,35.5998
2348.mp4,-1,-1,56.5906
1104.mp4,-1,-1,47.8352
5415.mp4,-1,-1,50.566
2902.mp4,-1,-1,57.6134
2321.mp4,-1,-1,34.8757
5519.mp4,-1,-1,59.5677
4370.mp4,-1,-1,51.7118
3070.mp4,-1,-1,53.8728
2076.mp4,-1,-1,53.0377
1486.mp4,-1,-1,48.4368
268.mp4,-1,-1,58.5927
3473.mp4,-1,-1,56.6696
1611.mp4,-1,-1,44.125
1390.mp4,-1,-1,26.6097
4519.mp4,-1,-1,56.3316
4288.mp4,-1,-1,52.9381
3332.mp4,-1,-1,53.0466
6240.mp4,-1,-1,59.6058
6261.mp4,-1,-1,59.8012
5861.mp4,-1,-1,55.3623
6081.mp4,-1,-1,39.6428
641.mp4,-1,-1,55.2311
362.mp4,-1,-1,52.4623
5545.mp4,-1,-1,51.4254
3323.mp4,-1,-1,48.14
1240.mp4,-1,-1,47.1921
655.mp4,-1,-1,57.4546
2455.mp4,-1,-1,46.4529
4282.mp4,-1,-1,66.0812
3581.mp4,-1,-1,49.6487
4437.mp4,-1,-1,47.2118
1803.mp4,-1,-1,41.0951
2439.mp4,-1,-1,50.9402
5417.mp4,-1,-1,44.176
5197.mp4,-1,-1,57.1183
2069.mp4,-1,-1,56.9788
2228.mp4,-1,-1,43.3234
3628.mp4,-1,-1,58.8176
4323.mp4,-1,-1,32.0037
1004.mp4,-1,-1,56.1571
2167.mp4,-1,-1,59.5986
5827.mp4,-1,-1,61.8168
1347.mp4,-1,-1,62.858
3681.mp4,-1,-1,59.775
830.mp4,-1,-1,53.1728
3897.mp4,-1,-1,56.955
4874.mp4,-1,-1,42.7826
2471.mp4,-1,-1,65.7067
551.mp4,-1,-1,57.0927
3034.mp4,-1,-1,54.6068
792.mp4,-1,-1,51.0715
3308.mp4,-1,-1,65.1775
1274.mp4,-1,-1,53.5662
5360.mp4,-1,-1,53.5334
4481.mp4,-1,-1,63.0733
2417.mp4,-1,-1,38.7493
4169.mp4,-1,-1,53.3584
5921.mp4,-1,-1,53.0592
5029.mp4,-1,-1,51.195
5669.mp4,-1,-1,18.9979
6039.mp4,-1,-1,53.9701
940.mp4,-1,-1,58.6232
1907.mp4,-1,-1,42.3855
4237.mp4,-1,-1,37.3314
1400.mp4,-1,-1,35.0641
5387.mp4,-1,-1,41.6195
1876.mp4,-1,-1,52.4576
1909.mp4,-1,-1,61.6159
6119.mp4,-1,-1,63.4384
5061.mp4,-1,-1,39.7504
4838.mp4,-1,-1,47.4194
137.mp4,-1,-1,49.4799
550.mp4,-1,-1,64.8185
1366.mp4,-1,-1,20.7865
1156.mp4,-1,-1,42.6797
2070.mp4,-1,-1,60.5352
4439.mp4,-1,-1,45.9517
2621.mp4,-1,-1,60.1519
4320.mp4,-1,-1,48.2755
4442.mp4,-1,-1,45.4861
3698.mp4,-1,-1,56.762
3608.mp4,-1,-1,59.7906
4374.mp4,-1,-1,63.551
6043.mp4,-1,-1,46.0366
3790.mp4,-1,-1,55.1945
3091.mp4,-1,-1,54.979
5996.mp4,-1,-1,64.2651
4603.mp4,-1,-1,35.3354
3347.mp4,-1,-1,53.1603
5778.mp4,-1,-1,33.6852
5684.mp4,-1,-1,61.0988
6190.mp4,-1,-1,49.4829
2747.mp4,-1,-1,55.0549
1980.mp4,-1,-1,57.0123
4506.mp4,-1,-1,49.8509
292.mp4,-1,-1,30.3134
391.mp4,-1,-1,47.2506
4131.mp4,-1,-1,47.0773
1790.mp4,-1,-1,54.7899
1072.mp4,-1,-1,60.033
3243.mp4,-1,-1,48.4597
1509.mp4,-1,-1,46.1105
1026.mp4,-1,-1,35.3426
2111.mp4,-1,-1,37.5663
1999.mp4,-1,-1,44.4413
1431.mp4,-1,-1,42.6047
5482.mp4,-1,-1,51.2289
4180.mp4,-1,-1,68.2705
5127.mp4,-1,-1,53.3987
4537.mp4,-1,-1,54.962
3862.mp4,-1,-1,56.796
2854.mp4,-1,-1,34.3633
39.mp4,-1,-1,64.0065
2914.mp4,-1,-1,48.3722
5934.mp4,-1,-1,60.9363
1298.mp4,-1,-1,54.517
5495.mp4,-1,-1,60.1086
2082.mp4,-1,-1,59.4406
2805.mp4,-1,-1,65.6673
3451.mp4,-1,-1,60.4902
5170.mp4,-1,-1,61.8585
625.mp4,-1,-1,51.8272
5919.mp4,-1,-1,65.1984
4532.mp4,-1,-1,58.0819
5403.mp4,-1,-1,62.0311
4467.mp4,-1,-1,48.2148
2908.mp4,-1,-1,56.483
6140.mp4,-1,-1,60.1822
2122.mp4,-1,-1,40.7865
5873.mp4,-1,-1,50.1559
844.mp4,-1,-1,40.6309
1436.mp4,-1,-1,39.3373
2262.mp4,-1,-1,27.6038
2322.mp4,-1,-1,49.8068
631.mp4,-1,-1,61.7621
4489.mp4,-1,-1,46.7445
261.mp4,-1,-1,51.7117
4347.mp4,-1,-1,47.5119
2513.mp4,-1,-1,65.758
3813.mp4,-1,-1,44.3486
4763.mp4,-1,-1,62.9997
2866.mp4,-1,-1,50.2745
3985.mp4,-1,-1,66.0496
1243.mp4,-1,-1,44.5642
5147.mp4,-1,-1,57.4657
3176.mp4,-1,-1,53.0851
296.mp4,-1,-1,20.0879
1164.mp4,-1,-1,22.5061
1627.mp4,-1,-1,37.9378
1869.mp4,-1,-1,34.8905
1789.mp4,-1,-1,43.4898
98.mp4,-1,-1,31.4257
2508.mp4,-1,-1,60.5888
3927.mp4,-1,-1,61.573
5142.mp4,-1,-1,46.8552
5233.mp4,-1,-1,58.679
4732.mp4,-1,-1,56.6207
488.mp4,-1,-1,54.2696
1424.mp4,-1,-1,61.5062
4940.mp4,-1,-1,59.1046
54.mp4,-1,-1,41.6922
802.mp4,-1,-1,53.7187
2334.mp4,-1,-1,57.8385
2868.mp4,-1,-1,36.7653
1709.mp4,-1,-1,54.5393
5744.mp4,-1,-1,37.1703
957.mp4,-1,-1,60.6966
1421.mp4,-1,-1,43.9316
1238.mp4,-1,-1,41.2571
3786.mp4,-1,-1,34.1385
4820.mp4,-1,-1,39.9282
3775.mp4,-1,-1,45.0245
5228.mp4,-1,-1,49.868
2540.mp4,-1,-1,36.7505
1488.mp4,-1,-1,61.281
5120.mp4,-1,-1,48.2351
1033.mp4,-1,-1,59.4461
2435.mp4,-1,-1,37.0767
3248.mp4,-1,-1,59.0007
5837.mp4,-1,-1,58.3149
1673.mp4,-1,-1,47.4937
695.mp4,-1,-1,48.8526
1558.mp4,-1,-1,61.5746
1355.mp4,-1,-1,59.441
2495.mp4,-1,-1,53.2923
670.mp4,-1,-1,37.4672
2912.mp4,-1,-1,63.8275
250.mp4,-1,-1,62.7297
332.mp4,-1,-1,49.5406
4434.mp4,-1,-1,64.0123
3791.mp4,-1,-1,64.3037
4886.mp4,-1,-1,57.1025
2073.mp4,-1,-1,39.0979
4545.mp4,-1,-1,52.3922
5506.mp4,-1,-1,42.6527
2286.mp4,-1,-1,61.4864
5909.mp4,-1,-1,51.6555
3633.mp4,-1,-1,35.4919
5318.mp4,-1,-1,67.4966
2114.mp4,-1,-1,54.0767
4095.mp4,-1,-1,20.2206
3831.mp4,-1,-1,44.7188
2533.mp4,-1,-1,53.0323
1196.mp4,-1,-1,64.0201
2538.mp4,-1,-1,60.6809
752.mp4,-1,-1,49.6144
5503.mp4,-1,-1,70.4865
6226.mp4,-1,-1,45.7629
3686.mp4,-1,-1,41.544
2483.mp4,-1,-1,38.7396
925.mp4,-1,-1,28.6987
1.mp4,-1,-1,35.3795
855.mp4,-1,-1,37.1103
3166.mp4,-1,-1,47.6032
3353.mp4,-1,-1,41.0021
4642.mp4,-1,-1,51.2795
3440.mp4,-1,-1,42.7533
3409.mp4,-1,-1,59.5084
406.mp4,-1,-1,25.3212
1811.mp4,-1,-1,60.8911
4930.mp4,-1,-1,42.8539
3700.mp4,-1,-1,59.045
2856.mp4,-1,-1,55.1545
3073.mp4,-1,-1,58.2998
252.mp4,-1,-1,38.6916
5014.mp4,-1,-1,57.0696
705.mp4,-1,-1,47.3641
1906.mp4,-1,-1,55.1527
4961.mp4,-1,-1,48.7838
2242.mp4,-1,-1,54.5812
2888.mp4,-1,-1,42.0392
3365.mp4,-1,-1,54.8155
476.mp4,-1,-1,57.0435
183.mp4,-1,-1,60.8682
614.mp4,-1,-1,55.3303
4146.mp4,-1,-1,52.1418
1888.mp4,-1,-1,55.431
557.mp4,-1,-1,24.9881
223.mp4,-1,-1,41.6645
3376.mp4,-1,-1,59.6633
704.mp4,-1,-1,57.8939
1251.mp4,-1,-1,64.8701
254.mp4,-1,-1,52.2843
503.mp4,-1,-1,40.8553
728.mp4,-1,-1,41.1541
2022.mp4,-1,-1,62.4426
6155.mp4,-1,-1,58.8292
3505.mp4,-1,-1,42.1123
1746.mp4,-1,-1,44.2487
4284.mp4,-1,-1,51.0033
1825.mp4,-1,-1,55.0782
3228.mp4,-1,-1,60.6648
4662.mp4,-1,-1,46.3168
648.mp4,-1,-1,53.0663
2132.mp4,-1,-1,56.7731
5522.mp4,-1,-1,39.6643
4798.mp4,-1,-1,37.971
4042.mp4,-1,-1,55.9702
130.mp4,-1,-1,49.1967
1086.mp4,-1,-1,48.1156
791.mp4,-1,-1,52.5076
955.mp4,-1,-1,57.1708
4885.mp4,-1,-1,67.3172
4380.mp4,-1,-1,34.8184
1979.mp4,-1,-1,48.0134
1879.mp4,-1,-1,60.4596
2925.mp4,-1,-1,63.8571
303.mp4,-1,-1,49.4841
2991.mp4,-1,-1,47.3523
2226.mp4,-1,-1,60.8911
1938.mp4,-1,-1,37.3777
2059.mp4,-1,-1,59.9718
5032.mp4,-1,-1,52.6649
867.mp4,-1,-1,62.5122
4470.mp4,-1,-1,52.8333
5504.mp4,-1,-1,32.2722
3250.mp4,-1,-1,57.4109
1596.mp4,-1,-1,61.1956
4365.mp4,-1,-1,58.5431
2823.mp4,-1,-1,23.899
2101.mp4,-1,-1,36.4299
1991.mp4,-1,-1,61.8992
2694.mp4,-1,-1,58.7073
2629.mp4,-1,-1,57.8351
3806.mp4,-1,-1,51.3624
1468.mp4,-1,-1,35.2922
4848.mp4,-1,-1,53.1853
847.mp4,-1,-1,59.8497
1563.mp4,-1,-1,63.9174
4102.mp4,-1,-1,63.0179
6064.mp4,-1,-1,58.1538
1215.mp4,-1,-1,59.5859
2371.mp4,-1,-1,61.1922
6042.mp4,-1,-1,30.1346
2728.mp4,-1,-1,63.0335
3820.mp4,-1,-1,62.7647
5026.mp4,-1,-1,54.4174
4037.mp4,-1,-1,45.7251
3129.mp4,-1,-1,48.711
1698.mp4,-1,-1,48.7801
3542.mp4,-1,-1,22.2407
2456.mp4,-1,-1,32.4968
1881.mp4,-1,-1,46.986
1657.mp4,-1,-1,62.7088
207.mp4,-1,-1,43.7257
3298.mp4,-1,-1,51.653
3859.mp4,-1,-1,49.3604
4894.mp4,-1,-1,54.3284
684.mp4,-1,-1,28.7988
1309.mp4,-1,-1,63.4776
3745.mp4,-1,-1,51.0647
5151.mp4,-1,-1,27.2391
6123.mp4,-1,-1,59.3114
70.mp4,-1,-1,32.4692
1068.mp4,-1,-1,46.6357
4511.mp4,-1,-1,56.9734
4901.mp4,-1,-1,43.0147
3413.mp4,-1,-1,58.002
1077.mp4,-1,-1,59.4764
1633.mp4,-1,-1,26.3283
72.mp4,-1,-1,49.932
505.mp4,-1,-1,40.2171
1560.mp4,-1,-1,57.784
2489.mp4,-1,-1,43.5581
5464.mp4,-1,-1,66.3241
980.mp4,-1,-1,49.0732
3876.mp4,-1,-1,32.1495
5936.mp4,-1,-1,38.0677
4035.mp4,-1,-1,64.8129
2170.mp4,-1,-1,51.1888
5796.mp4,-1,-1,33.4514
3871.mp4,-1,-1,48.0567
3920.mp4,-1,-1,51.1445
2005.mp4,-1,-1,42.393
425.mp4,-1,-1,56.3585
908.mp4,-1,-1,45.845
5692.mp4,-1,-1,47.9926
5754.mp4,-1,-1,61.1482
6143.mp4,-1,-1,69.934
3188.mp4,-1,-1,41.9045
4974.mp4,-1,-1,49.002
1146.mp4,-1,-1,31.4372
3611.mp4,-1,-1,40.6259
217.mp4,-1,-1,41.2451
4791.mp4,-1,-1,13.5149
5990.mp4,-1,-1,51.238
5723.mp4,-1,-1,51.9257
789.mp4,-1,-1,70.4645
4767.mp4,-1,-1,18.0863
1782.mp4,-1,-1,26.8883
1152.mp4,-1,-1,60.2024
1812.mp4,-1,-1,50.4505
411.mp4,-1,-1,58.1036
1912.mp4,-1,-1,62.507
4385.mp4,-1,-1,60.1159
5830.mp4,-1,-1,58.3761
4728.mp4,-1,-1,52.4205
4941.mp4,-1,-1,50.322
2780.mp4,-1,-1,47.8635
4435.mp4,-1,-1,51.02
179.mp4,-1,-1,59.9683
626.mp4,-1,-1,25.9199
5912.mp4,-1,-1,49.2968
1738.mp4,-1,-1,53.216
3077.mp4,-1,-1,56.7178
3424.mp4,-1,-1,50.1154
5854.mp4,-1,-1,56.8091
2558.mp4,-1,-1,55.4085
5009.mp4,-1,-1,40.8917
3218.mp4,-1,-1,61.6917
2043.mp4,-1,-1,50.5724
5296.mp4,-1,-1,38.9005
5812.mp4,-1,-1,36.3161
2561.mp4,-1,-1,45.2061
3512.mp4,-1,-1,53.0833
1529.mp4,-1,-1,64.4009
5918.mp4,-1,-1,32.5588
2056.mp4,-1,-1,56.8592
1428.mp4,-1,-1,42.4134
5942.mp4,-1,-1,61.999
507.mp4,-1,-1,14.419
6077.mp4,-1,-1,63.8175
3101.mp4,-1,-1,35.787
1650.mp4,-1,-1,50.3317
3528.mp4,-1,-1,62.7419
4355.mp4,-1,-1,63.6223
2079.mp4,-1,-1,71.8067
3867.mp4,-1,-1,36.4732
754.mp4,-1,-1,60.2971
4495.mp4,-1,-1,53.3796
6224.mp4,-1,-1,50.451
2849.mp4,-1,-1,47.6536
2374.mp4,-1,-1,55.287
1144.mp4,-1,-1,53.9057
1093.mp4,-1,-1,42.1381
3331.mp4,-1,-1,42.9588
1562.mp4,-1,-1,59.6557
3447.mp4,-1,-1,37.7614
2783.mp4,-1,-1,45.417
5443.mp4,-1,-1,55.0212
3536.mp4,-1,-1,46.6533
4508.mp4,-1,-1,59.3645
5672.mp4,-1,-1,35.1288
2258.mp4,-1,-1,48.5979
3198.mp4,-1,-1,29.7423
3677.mp4,-1,-1,55.4854
5844.mp4,-1,-1,68.804
1581.mp4,-1,-1,58.8478
4918.mp4,-1,-1,55.0986
4866.mp4,-1,-1,42.7331
2291.mp4,-1,-1,53.2935
2691.mp4,-1,-1,51.2673
1552.mp4,-1,-1,35.5559
2928.mp4,-1,-1,59.2987
100.mp4,-1,-1,47.1076
2672.mp4,-1,-1,62.9771
6.mp4,-1,-1,44.2494
5346.mp4,-1,-1,58.3626
4766.mp4,-1,-1,56.4356
3452.mp4,-1,-1,45.9866
1941.mp4,-1,-1,57.7981
1360.mp4,-1,-1,50.6075
946.mp4,-1,-1,55.1204
4695.mp4,-1,-1,61.3654
265.mp4,-1,-1,54.8587
1007.mp4,-1,-1,50.8833
420.mp4,-1,-1,39.9281
5637.mp4,-1,-1,61.9092
1466.mp4,-1,-1,34.5039
5416.mp4,-1,-1,47.2185
5430.mp4,-1,-1,62.9429
2963.mp4,-1,-1,61.4915
3039.mp4,-1,-1,42.6458
5883.mp4,-1,-1,71.1013
2330.mp4,-1,-1,47.5434
2459.mp4,-1,-1,49.1522
4073.mp4,-1,-1,57.9575
2712.mp4,-1,-1,49.2567
609.mp4,-1,-1,38.705
3721.mp4,-1,-1,57.3397
1076.mp4,-1,-1,49.5938
4063.mp4,-1,-1,50.6068
6103.mp4,-1,-1,54.2747
4623.mp4,-1,-1,55.7947
5992.mp4,-1,-1,47.842
3747.mp4,-1,-1,30.6461
4956.mp4,-1,-1,45.0882
172.mp4,-1,-1,35.3432
5603.mp4,-1,-1,51.9939
906.mp4,-1,-1,60.5766
2835.mp4,-1,-1,50.9508
3760.mp4,-1,-1,59.1528
632.mp4,-1,-1,48.1087
2288.mp4,-1,-1,56.2808
4850.mp4,-1,-1,55.9933
2820.mp4,-1,-1,46.7024
3930.mp4,-1,-1,65.2953
2959.mp4,-1,-1,61.9987
4129.mp4,-1,-1,65.8787
578.mp4,-1,-1,41.431
4300.mp4,-1,-1,34.4146
167.mp4,-1,-1,58.0865
340.mp4,-1,-1,36.1004
4234.mp4,-1,-1,45.2024
2680.mp4,-1,-1,60.6659
4121.mp4,-1,-1,55.3536
6055.mp4,-1,-1,54.9494
3502.mp4,-1,-1,45.8574
1984.mp4,-1,-1,68.1544
1405.mp4,-1,-1,61.118
1911.mp4,-1,-1,52.8327
2302.mp4,-1,-1,59.2211
1595.mp4,-1,-1,56.337
5420.mp4,-1,-1,58.925
5043.mp4,-1,-1,47.7533
4614.mp4,-1,-1,48.0825
2608.mp4,-1,-1,61.6321
3207.mp4,-1,-1,47.8165
5144.mp4,-1,-1,57.0191
1372.mp4,-1,-1,57.7607
4411.mp4,-1,-1,62.8547
939.mp4,-1,-1,48.0784
1020.mp4,-1,-1,60.3127
4942.mp4,-1,-1,60.6266
4558.mp4,-1,-1,49.6961
4097.mp4,-1,-1,18.6803
1191.mp4,-1,-1,39.0742
5524.mp4,-1,-1,64.2528
1578.mp4,-1,-1,25.7536
3712.mp4,-1,-1,48.241
3469.mp4,-1,-1,56.7299
5357.mp4,-1,-1,53.8006
1092.mp4,-1,-1,42.7177
3.mp4,-1,-1,55.3143
5627.mp4,-1,-1,56.9743
2706.mp4,-1,-1,55.2016
640.mp4,-1,-1,44.3497
2668.mp4,-1,-1,31.0093
5373.mp4,-1,-1,41.9782
3661.mp4,-1,-1,35.9664
1691.mp4,-1,-1,58.6196
108.mp4,-1,-1,48.5021
1213.mp4,-1,-1,60.7501
3445.mp4,-1,-1,55.6925
120.mp4,-1,-1,53.2719
2719.mp4,-1,-1,54.5751
5098.mp4,-1,-1,45.0755
2482.mp4,-1,-1,54.7952
3938.mp4,-1,-1,37.2961
3270.mp4,-1,-1,40.5403
5432.mp4,-1,-1,58.5087
3449.mp4,-1,-1,30.0014
6220.mp4,-1,-1,57.0443
6162.mp4,-1,-1,35.1779
4217.mp4,-1,-1,41.7319
5375.mp4,-1,-1,31.6299
5229.mp4,-1,-1,60.6133
4326.mp4,-1,-1,44.3118
715.mp4,-1,-1,53.9769
2253.mp4,-1,-1,49.162
5848.mp4,-1,-1,38.1472
4204.mp4,-1,-1,63.5986
5213.mp4,-1,-1,61.006
1994.mp4,-1,-1,67.677
5630.mp4,-1,-1,51.3175
2128.mp4,-1,-1,55.7683
4652.mp4,-1,-1,45.3883
963.mp4,-1,-1,58.6271
3088.mp4,-1,-1,55.3773
4543.mp4,-1,-1,58.1874
3341.mp4,-1,-1,62.5309
5124.mp4,-1,-1,53.3967
4854.mp4,-1,-1,46.5068
4187.mp4,-1,-1,52.364
903.mp4,-1,-1,37.063
2873.mp4,-1,-1,62.2244
3638.mp4,-1,-1,47.5591
1324.mp4,-1,-1,50.9728
3644.mp4,-1,-1,38.18
662.mp4,-1,-1,40.106
322.mp4,-1,-1,60.0088
4591.mp4,-1,-1,67.3463
6022.mp4,-1,-1,48.106
6205.mp4,-1,-1,31.0932
4971.mp4,-1,-1,41.7483
3887.mp4,-1,-1,56.4906
1229.mp4,-1,-1,56.4916
14.mp4,-1,-1,55.9751
4233.mp4,-1,-1,54.8898
5244.mp4,-1,-1,33.0045
900.mp4,-1,-1,33.7159
3744.mp4,-1,-1,63.9812
4171.mp4,-1,-1,57.7041
2196.mp4,-1,-1,56.6605
5074.mp4,-1,-1,54.3763
4428.mp4,-1,-1,54.0227
5100.mp4,-1,-1,33.669
1087.mp4,-1,-1,53.071
2389.mp4,-1,-1,47.5802
702.mp4,-1,-1,61.905
5823.mp4,-1,-1,52.8642
3703.mp4,-1,-1,52.6421
6060.mp4,-1,-1,49.2911
6269.mp4,-1,-1,41.5946
2115.mp4,-1,-1,51.8524
923.mp4,-1,-1,44.8792
3556.mp4,-1,-1,51.8239
729.mp4,-1,-1,65.2901
311.mp4,-1,-1,34.4732
4388.mp4,-1,-1,51.202
4053.mp4,-1,-1,61.0844
1667.mp4,-1,-1,54.5873
4539.mp4,-1,-1,61.1473
4498.mp4,-1,-1,61.5709
1638.mp4,-1,-1,59.7767
317.mp4,-1,-1,65.4925
5073.mp4,-1,-1,71.1416
6101.mp4,-1,-1,47.488
2437.mp4,-1,-1,59.8501
5131.mp4,-1,-1,41.3832
931.mp4,-1,-1,54.076
4931.mp4,-1,-1,40.554
1139.mp4,-1,-1,41.3393
509.mp4,-1,-1,46.0739
1315.mp4,-1,-1,56.8848
4245.mp4,-1,-1,43.2983
3066.mp4,-1,-1,54.0103
3888.mp4,-1,-1,51.4833
3853.mp4,-1,-1,47.4099
3043.mp4,-1,-1,23.8415
874.mp4,-1,-1,51.5855
2887.mp4,-1,-1,52.3152
4655.mp4,-1,-1,57.3812
4964.mp4,-1,-1,59.1825
3427.mp4,-1,-1,19.7591
5887.mp4,-1,-1,33.3787
4417.mp4,-1,-1,45.5952
5217.mp4,-1,-1,51.5088
2397.mp4,-1,-1,63.6159
5145.mp4,-1,-1,26.6172
413.mp4,-1,-1,50.6164
3106.mp4,-1,-1,54.4858
4072.mp4,-1,-1,51.2915
930.mp4,-1,-1,56.3334
3767.mp4,-1,-1,52.7185
5407.mp4,-1,-1,46.1508
5381.mp4,-1,-1,54.3525
1233.mp4,-1,-1,59.4597
4889.mp4,-1,-1,40.8215
2390.mp4,-1,-1,58.5302
5577.mp4,-1,-1,63.9807
1753.mp4,-1,-1,56.1847
2539.mp4,-1,-1,47.2475
5105.mp4,-1,-1,54.8554
4796.mp4,-1,-1,63.7724
4620.mp4,-1,-1,47.3862
3691.mp4,-1,-1,23.0649
4202.mp4,-1,-1,54.9721
3613.mp4,-1,-1,39.217
1159.mp4,-1,-1,60.0023
5303.mp4,-1,-1,62.4127
5775.mp4,-1,-1,48.0272
5597.mp4,-1,-1,65.72
4285.mp4,-1,-1,46.6897
5035.mp4,-1,-1,53.4017
4917.mp4,-1,-1,62.7208
60.mp4,-1,-1,50.7457
4871.mp4,-1,-1,57.844
5939.mp4,-1,-1,39.2366
4092.mp4,-1,-1,55.637
4212.mp4,-1,-1,51.6442
4619.mp4,-1,-1,42.4417
4928.mp4,-1,-1,41.2925
5548.mp4,-1,-1,64.915
1953.mp4,-1,-1,35.181
2160.mp4,-1,-1,57.6431
436.mp4,-1,-1,58.8446
1735.mp4,-1,-1,41.0749
2434.mp4,-1,-1,58.5703
1528.mp4,-1,-1,62.501
3671.mp4,-1,-1,36.9195
530.mp4,-1,-1,52.1086
5438.mp4,-1,-1,53.945
232.mp4,-1,-1,61.284
3068.mp4,-1,-1,48.4638
934.mp4,-1,-1,58.5035
492.mp4,-1,-1,35.1585
5638.mp4,-1,-1,47.7213
2640.mp4,-1,-1,60.856
6219.mp4,-1,-1,65.8135
3158.mp4,-1,-1,54.7397
4375.mp4,-1,-1,55.7298
3290.mp4,-1,-1,64.9499
1018.mp4,-1,-1,58.3658
4194.mp4,-1,-1,49.7884
5859.mp4,-1,-1,58.672
2289.mp4,-1,-1,57.9883
5806.mp4,-1,-1,45.2596
782.mp4,-1,-1,43.5158
2518.mp4,-1,-1,49.068
5291.mp4,-1,-1,37.4893
2080.mp4,-1,-1,48.4685
5282.mp4,-1,-1,68.3035
5789.mp4,-1,-1,46.6318
3570.mp4,-1,-1,65.8543
591.mp4,-1,-1,49.258
4474.mp4,-1,-1,56.0212
3195.mp4,-1,-1,48.2778
4811.mp4,-1,-1,38.2859
71.mp4,-1,-1,63.2666
6125.mp4,-1,-1,32.9054
2461.mp4,-1,-1,60.4729
3140.mp4,-1,-1,49.7892
1875.mp4,-1,-1,34.461
671.mp4,-1,-1,54.61
1128.mp4,-1,-1,41.6069
4948.mp4,-1,-1,45.5696
2731.mp4,-1,-1,66.5027
762.mp4,-1,-1,46.0799
785.mp4,-1,-1,47.3338
2802.mp4,-1,-1,58.2763
5965.mp4,-1,-1,36.9079
2343.mp4,-1,-1,58.925
4134.mp4,-1,-1,46.38
3044.mp4,-1,-1,64.2525
126.mp4,-1,-1,39.649
4098.mp4,-1,-1,64.3335
4611.mp4,-1,-1,60.7447
5586.mp4,-1,-1,61.5985
4638.mp4,-1,-1,53.2517
2232.mp4,-1,-1,60.2846
743.mp4,-1,-1,55.4709
2240.mp4,-1,-1,51.1321
3787.mp4,-1,-1,55.3265
5834.mp4,-1,-1,64.4201
5115.mp4,-1,-1,41.0295
2681.mp4,-1,-1,41.3522
33.mp4,-1,-1,58.8928
5849.mp4,-1,-1,58.4128
3294.mp4,-1,-1,64.9487
1310.mp4,-1,-1,44.8496
4864.mp4,-1,-1,47.8101
5500.mp4,-1,-1,27.8325
3033.mp4,-1,-1,28.0021
3002.mp4,-1,-1,59.8925
2596.mp4,-1,-1,63.8032
2287.mp4,-1,-1,63.7868
6100.mp4,-1,-1,59.1748
3472.mp4,-1,-1,66.5336
4283.mp4,-1,-1,54.2099
483.mp4,-1,-1,64.9468
4014.mp4,-1,-1,44.5934
1516.mp4,-1,-1,50.5579
5331.mp4,-1,-1,59.0188
2019.mp4,-1,-1,40.4042
5317.mp4,-1,-1,56.0633
1995.mp4,-1,-1,58.7045
4493.mp4,-1,-1,55.7602
2948.mp4,-1,-1,49.9351
1166.mp4,-1,-1,49.9462
4844.mp4,-1,-1,60.1965
6019.mp4,-1,-1,51.8129
1577.mp4,-1,-1,66.8865
5689.mp4,-1,-1,43.4273
1981.mp4,-1,-1,60.263
4604.mp4,-1,-1,49.7708
800.mp4,-1,-1,63.5134
4991.mp4,-1,-1,52.281
2375.mp4,-1,-1,36.3588
96.mp4,-1,-1,51.4427
977.mp4,-1,-1,62.2332
2568.mp4,-1,-1,57.0679
4555.mp4,-1,-1,34.1067
387.mp4,-1,-1,44.9287
5737.mp4,-1,-1,18.5654
4589.mp4,-1,-1,42.1976
1978.mp4,-1,-1,51.7318
2901.mp4,-1,-1,59.5937
6051.mp4,-1,-1,59.4877
3964.mp4,-1,-1,39.7818
6007.mp4,-1,-1,30.1895
109.mp4,-1,-1,65.5829
2084.mp4,-1,-1,57.2959
3702.mp4,-1,-1,54.1357
2636.mp4,-1,-1,45.7519
5448.mp4,-1,-1,65.5568
5219.mp4,-1,-1,54.5546
1600.mp4,-1,-1,25.5134
2475.mp4,-1,-1,63.2786
3238.mp4,-1,-1,44.1887
5699.mp4,-1,-1,18.7742
3142.mp4,-1,-1,60.8166
1654.mp4,-1,-1,37.8515
664.mp4,-1,-1,39.5773
2520.mp4,-1,-1,60.595
1278.mp4,-1,-1,61.1001
2521.mp4,-1,-1,42.8549
447.mp4,-1,-1,64.4851
5743.mp4,-1,-1,69.1625
3982.mp4,-1,-1,29.4056
1455.mp4,-1,-1,56.3622
4471.mp4,-1,-1,45.0686
2514.mp4,-1,-1,38.7484
5222.mp4,-1,-1,48.4037
1098.mp4,-1,-1,69.9082
1900.mp4,-1,-1,56.0666
2414.mp4,-1,-1,33.2242
1920.mp4,-1,-1,61.3611
2445.mp4,-1,-1,48.1177
5527.mp4,-1,-1,60.4221
5045.mp4,-1,-1,50.108
593.mp4,-1,-1,39.0687
35.mp4,-1,-1,42.5438
5449.mp4,-1,-1,57.5373
5445.mp4,-1,-1,39.2633
3116.mp4,-1,-1,59.5959
4648.mp4,-1,-1,48.1376
397.mp4,-1,-1,21.7297
1794.mp4,-1,-1,63.9898
369.mp4,-1,-1,49.0302
3455.mp4,-1,-1,56.9424
1908.mp4,-1,-1,53.3816
375.mp4,-1,-1,52.9534
3253.mp4,-1,-1,60.4888
2729.mp4,-1,-1,45.8218
4517.mp4,-1,-1,36.7035
784.mp4,-1,-1,61.1008
4293.mp4,-1,-1,51.0481
1302.mp4,-1,-1,56.8115
3078.mp4,-1,-1,51.3306
5411.mp4,-1,-1,52.4407
566.mp4,-1,-1,62.2144
6040.mp4,-1,-1,36.6942
846.mp4,-1,-1,57.8358
5413.mp4,-1,-1,48.6793
5764.mp4,-1,-1,31.3244
1254.mp4,-1,-1,48.0115
1821.mp4,-1,-1,53.0903
3252.mp4,-1,-1,61.2346
3657.mp4,-1,-1,53.5193
620.mp4,-1,-1,52.291
532.mp4,-1,-1,57.9943
5661.mp4,-1,-1,52.0411
2272.mp4,-1,-1,56.2208
4786.mp4,-1,-1,35.934
10.mp4,-1,-1,55.3329
1814.mp4,-1,-1,39.5501
435.mp4,-1,-1,66.1037
1489.mp4,-1,-1,36.1366
1462.mp4,-1,-1,58.6517
2026.mp4,-1,-1,48.5376
1356.mp4,-1,-1,53.2562
3069.mp4,-1,-1,55.9769
1346.mp4,-1,-1,62.8696
983.mp4,-1,-1,57.2253
4178.mp4,-1,-1,51.5983
3014.mp4,-1,-1,54.1595
3892.mp4,-1,-1,54.9517
599.mp4,-1,-1,52.0415
4377.mp4,-1,-1,49.3898
56.mp4,-1,-1,56.139
1481.mp4,-1,-1,38.2537
3024.mp4,-1,-1,48.5834
2853.mp4,-1,-1,34.2508
806.mp4,-1,-1,70.1397
1061.mp4,-1,-1,50.252
5957.mp4,-1,-1,58.9515
5258.mp4,-1,-1,64.8751
4354.mp4,-1,-1,50.5233
774.mp4,-1,-1,53.8924
3739.mp4,-1,-1,57.5303
4197.mp4,-1,-1,32.5738
1002.mp4,-1,-1,62.2837
3950.mp4,-1,-1,50.5155
4892.mp4,-1,-1,52.5108
2183.mp4,-1,-1,61.8145
6056.mp4,-1,-1,55.71
6154.mp4,-1,-1,38.1331
2972.mp4,-1,-1,47.2427
2231.mp4,-1,-1,52.9863
3692.mp4,-1,-1,55.5244
553.mp4,-1,-1,46.0485
685.mp4,-1,-1,37.9784
3489.mp4,-1,-1,56.7258
5728.mp4,-1,-1,57.7802
4580.mp4,-1,-1,63.0682
1801.mp4,-1,-1,47.1567
3520.mp4,-1,-1,66.6439
4200.mp4,-1,-1,35.5092
3941.mp4,-1,-1,46.4007
1032.mp4,-1,-1,63.5202
3928.mp4,-1,-1,50.0025
3194.mp4,-1,-1,58.4648
1604.mp4,-1,-1,46.9215
327.mp4,-1,-1,41.3103
3891.mp4,-1,-1,52.4688
1451.mp4,-1,-1,60.4752
2301.mp4,-1,-1,26.8536
2355.mp4,-1,-1,58.2665
4822.mp4,-1,-1,55.4479
3148.mp4,-1,-1,56.8301
2524.mp4,-1,-1,58.707
189.mp4,-1,-1,47.0777
2266.mp4,-1,-1,29.9684
418.mp4,-1,-1,54.1764
4127.mp4,-1,-1,42.5988
1725.mp4,-1,-1,51.9364
1064.mp4,-1,-1,53.7216
61.mp4,-1,-1,62.9673
1190.mp4,-1,-1,53.2943
478.mp4,-1,-1,62.7981
3987.mp4,-1,-1,55.9733
113.mp4,-1,-1,34.9052
817.mp4,-1,-1,37.5308
3660.mp4,-1,-1,44.1677
4005.mp4,-1,-1,61.9015
97.mp4,-1,-1,69.1597
563.mp4,-1,-1,39.1518
6148.mp4,-1,-1,59.1853
686.mp4,-1,-1,37.779
1130.mp4,-1,-1,52.729
6004.mp4,-1,-1,29.5815
2992.mp4,-1,-1,67.6755
359.mp4,-1,-1,34.5238
2718.mp4,-1,-1,45.7011
4943.mp4,-1,-1,56.5024
304.mp4,-1,-1,26.2358
2463.mp4,-1,-1,43.1054
2340.mp4,-1,-1,61.0488
1677.mp4,-1,-1,46.8344
2707.mp4,-1,-1,47.2433
5705.mp4,-1,-1,64.2531
731.mp4,-1,-1,48.8871
5574.mp4,-1,-1,62.8247
1680.mp4,-1,-1,56.4384
1661.mp4,-1,-1,51.5833
2590.mp4,-1,-1,41.5491
6259.mp4,-1,-1,42.1074
3160.mp4,-1,-1,33.7876
688.mp4,-1,-1,46.5886
170.mp4,-1,-1,44.9536
1541.mp4,-1,-1,33.6143
3337.mp4,-1,-1,52.4467
899.mp4,-1,-1,44.8828
2989.mp4,-1,-1,63.6834
5059.mp4,-1,-1,40.6203
2709.mp4,-1,-1,49.0429
3130.mp4,-1,-1,47.5136
5023.mp4,-1,-1,40.3299
3750.mp4,-1,-1,59.9092
4408.mp4,-1,-1,32.9913
604.mp4,-1,-1,24.2192
82.mp4,-1,-1,57.0256
5132.mp4,-1,-1,36.0267
5366.mp4,-1,-1,64.7107
4875.mp4,-1,-1,59.3185
876.mp4,-1,-1,56.3955
1362.mp4,-1,-1,63.1135
3431.mp4,-1,-1,52.4406
4921.mp4,-1,-1,59.6593
5156.mp4,-1,-1,59.7507
5384.mp4,-1,-1,24.7239
5163.mp4,-1,-1,54.5831
448.mp4,-1,-1,57.6794
5621.mp4,-1,-1,55.4282
4765.mp4,-1,-1,55.7688
3840.mp4,-1,-1,45.6965
4639.mp4,-1,-1,48.6248
2033.mp4,-1,-1,60.2358
511.mp4,-1,-1,44.8825
1344.mp4,-1,-1,41.024
5526.mp4,-1,-1,50.1594
529.mp4,-1,-1,59.6743
4279.mp4,-1,-1,67.3815
811.mp4,-1,-1,34.7216
1060.mp4,-1,-1,35.883
1331.mp4,-1,-1,52.6704
5984.mp4,-1,-1,44.5886
3102.mp4,-1,-1,29.776
916.mp4,-1,-1,35.7138
3640.mp4,-1,-1,58.5323
5140.mp4,-1,-1,51.6012
5241.mp4,-1,-1,48.956
2788.mp4,-1,-1,64.6696
5955.mp4,-1,-1,64.6844
1708.mp4,-1,-1,45.7786
3694.mp4,-1,-1,25.6976
5645.mp4,-1,-1,54.1629
1090.mp4,-1,-1,38.5069
3906.mp4,-1,-1,31.9231
1861.mp4,-1,-1,65.3882
4872.mp4,-1,-1,23.4938
2659.mp4,-1,-1,25.7615
2325.mp4,-1,-1,58.8062
3399.mp4,-1,-1,55.7408
674.mp4,-1,-1,53.6984
3670.mp4,-1,-1,51.1755
2162.mp4,-1,-1,63.088
2865.mp4,-1,-1,47.5377
3065.mp4,-1,-1,45.1519
4111.mp4,-1,-1,64.6692
5879.mp4,-1,-1,62.7556
5058.mp4,-1,-1,51.6214
3476.mp4,-1,-1,35.4335
3952.mp4,-1,-1,30.487
3649.mp4,-1,-1,41.1446
3596.mp4,-1,-1,53.6584
1532.mp4,-1,-1,62.0698
1326.mp4,-1,-1,50.841
5378.mp4,-1,-1,47.5988
5285.mp4,-1,-1,33.1048
605.mp4,-1,-1,42.6125
4087.mp4,-1,-1,58.6642
1465.mp4,-1,-1,44.0372
1546.mp4,-1,-1,61.7606
660.mp4,-1,-1,62.5885
4504.mp4,-1,-1,54.1574
1886.mp4,-1,-1,47.0383
4080.mp4,-1,-1,37.5629
426.mp4,-1,-1,58.4921
1930.mp4,-1,-1,63.3641
4899.mp4,-1,-1,52.9938
5341.mp4,-1,-1,34.539
3732.mp4,-1,-1,56.8339
1573.mp4,-1,-1,53.9792
3586.mp4,-1,-1,53.6174
5513.mp4,-1,-1,37.4004
3360.mp4,-1,-1,51.425
2993.mp4,-1,-1,57.5306
1230.mp4,-1,-1,45.1194
1575.mp4,-1,-1,54.201
2500.mp4,-1,-1,58.0377
4525.mp4,-1,-1,56.4784
1717.mp4,-1,-1,65.3975
891.mp4,-1,-1,54.095
2593.mp4,-1,-1,46.3763
2582.mp4,-1,-1,48.8895
3173.mp4,-1,-1,55.046
3974.mp4,-1,-1,42.8643
577.mp4,-1,-1,47.4967
290.mp4,-1,-1,47.7852
5650.mp4,-1,-1,34.2172
4869.mp4,-1,-1,56.1659
1737.mp4,-1,-1,29.8915
1389.mp4,-1,-1,58.9251
3826.mp4,-1,-1,60.0622
3924.mp4,-1,-1,44.4012
825.mp4,-1,-1,49.5765
4.mp4,-1,-1,66.3554
5193.mp4,-1,-1,49.7999
3442.mp4,-1,-1,47.5836
790.mp4,-1,-1,71.4059
576.mp4,-1,-1,52.1485
4852.mp4,-1,-1,52.721
6230.mp4,-1,-1,38.3216
2058.mp4,-1,-1,52.7252
4640.mp4,-1,-1,59.5001
1585.mp4,-1,-1,62.253
883.mp4,-1,-1,62.9124
3283.mp4,-1,-1,46.796
2619.mp4,-1,-1,36.7559
3046.mp4,-1,-1,36.3029
3915.mp4,-1,-1,49.1943
1049.mp4,-1,-1,56.683
267.mp4,-1,-1,60.3937
5380.mp4,-1,-1,41.0649
4516.mp4,-1,-1,65.4654
4727.mp4,-1,-1,50.2221
1549.mp4,-1,-1,51.831
24.mp4,-1,-1,41.1449
4000.mp4,-1,-1,62.9542
3784.mp4,-1,-1,46.3011
2981.mp4,-1,-1,58.4287
3465.mp4,-1,-1,54.5785
463.mp4,-1,-1,52.5612
3824.mp4,-1,-1,40.2134
2627.mp4,-1,-1,22.442
4312.mp4,-1,-1,59.5911
1863.mp4,-1,-1,50.8258
5543.mp4,-1,-1,44.9712
2794.mp4,-1,-1,55.4532
4140.mp4,-1,-1,46.8859
3625.mp4,-1,-1,49.8096
656.mp4,-1,-1,63.6901
3554.mp4,-1,-1,62.2649
5772.mp4,-1,-1,45.6589
3652.mp4,-1,-1,59.0294
5553.mp4,-1,-1,24.9459
2786.mp4,-1,-1,54.2121
3319.mp4,-1,-1,61.5263
1856.mp4,-1,-1,66.9416
1353.mp4,-1,-1,39.2254
1187.mp4,-1,-1,51.6086
4540.mp4,-1,-1,60.4209
1133.mp4,-1,-1,57.7628
1751.mp4,-1,-1,46.5821
5563.mp4,-1,-1,43.0946
5708.mp4,-1,-1,19.3996
993.mp4,-1,-1,49.4452
4458.mp4,-1,-1,52.3315
2223.mp4,-1,-1,57.6908
1070.mp4,-1,-1,49.4817
440.mp4,-1,-1,47.6991
2812.mp4,-1,-1,53.7748
4882.mp4,-1,-1,52.1869
745.mp4,-1,-1,49.599
4734.mp4,-1,-1,40.2001
3398.mp4,-1,-1,55.6275
5869.mp4,-1,-1,62.4363
1726.mp4,-1,-1,43.9282
4707.mp4,-1,-1,54.5477
313.mp4,-1,-1,14.8701
3295.mp4,-1,-1,48.6052
4857.mp4,-1,-1,56.2054
4577.mp4,-1,-1,51.7847
6196.mp4,-1,-1,33.4916
1697.mp4,-1,-1,54.6788
5501.mp4,-1,-1,55.6195
5584.mp4,-1,-1,38.6373
6179.mp4,-1,-1,38.7886
1423.mp4,-1,-1,60.6741
675.mp4,-1,-1,72.0283
2013.mp4,-1,-1,58.993
4112.mp4,-1,-1,39.1379
1103.mp4,-1,-1,54.1877
4992.mp4,-1,-1,48.0988
1079.mp4,-1,-1,41.6405
241.mp4,-1,-1,64.8644
5154.mp4,-1,-1,46.576
2988.mp4,-1,-1,57.0041
1250.mp4,-1,-1,47.0097
2674.mp4,-1,-1,57.4339
6127.mp4,-1,-1,60.9847
4497.mp4,-1,-1,55.1542
6160.mp4,-1,-1,42.0214
1063.mp4,-1,-1,33.7013
248.mp4,-1,-1,39.8843
2784.mp4,-1,-1,46.2638
4060.mp4,-1,-1,60.6993
602.mp4,-1,-1,41.7938
3904.mp4,-1,-1,44.3475
540.mp4,-1,-1,46.9824
3071.mp4,-1,-1,35.1415
1131.mp4,-1,-1,43.0377
73.mp4,-1,-1,67.9163
5435.mp4,-1,-1,68.7782
4583.mp4,-1,-1,40.8253
459.mp4,-1,-1,53.1882
5604.mp4,-1,-1,59.8852
953.mp4,-1,-1,44.701
2994.mp4,-1,-1,55.8733
4192.mp4,-1,-1,56.8747
1792.mp4,-1,-1,41.839
4535.mp4,-1,-1,48.318
6025.mp4,-1,-1,65.5804
2944.mp4,-1,-1,45.6248
4235.mp4,-1,-1,57.7388
4524.mp4,-1,-1,37.3656
6209.mp4,-1,-1,37.1445
4739.mp4,-1,-1,59.5226
2690.mp4,-1,-1,48.7401
5200.mp4,-1,-1,44.2625
4196.mp4,-1,-1,41.1872
4512.mp4,-1,-1,53.6036
5561.mp4,-1,-1,66.1686
521.mp4,-1,-1,45.9218
5710.mp4,-1,-1,44.5435
4736.mp4,-1,-1,47.8166
5679.mp4,-1,-1,50.2265
1727.mp4,-1,-1,49.623
4450.mp4,-1,-1,59.9327
5053.mp4,-1,-1,44.1253
6003.mp4,-1,-1,50.3002
5353.mp4,-1,-1,29.6485
3799.mp4,-1,-1,47.5802
1942.mp4,-1,-1,65.7217
5328.mp4,-1,-1,56.304
5762.mp4,-1,-1,54.5483
3620.mp4,-1,-1,32.2213
3180.mp4,-1,-1,22.3412
6185.mp4,-1,-1,20.6246
5528.mp4,-1,-1,57.0988
4573.mp4,-1,-1,60.3318
2682.mp4,-1,-1,43.9925
2800.mp4,-1,-1,61.0875
5750.mp4,-1,-1,58.2897
3057.mp4,-1,-1,48.8617
2062.mp4,-1,-1,35.7184
5486.mp4,-1,-1,25.7427
1478.mp4,-1,-1,53.2476
1299.mp4,-1,-1,56.2234
1441.mp4,-1,-1,57.8933
3257.mp4,-1,-1,49.7959
4812.mp4,-1,-1,61.4611
3901.mp4,-1,-1,48.3633
4415.mp4,-1,-1,31.5293
2450.mp4,-1,-1,41.6009
1923.mp4,-1,-1,58.0775
2932.mp4,-1,-1,59.8047
2105.mp4,-1,-1,63.6781
3010.mp4,-1,-1,22.6199
395.mp4,-1,-1,39.3736
816.mp4,-1,-1,58.7159
4806.mp4,-1,-1,39.0288
4939.mp4,-1,-1,38.1876
161.mp4,-1,-1,40.5549
5442.mp4,-1,-1,59.78
4275.mp4,-1,-1,68.2615
4500.mp4,-1,-1,41.0186
4995.mp4,-1,-1,31.0754
4270.mp4,-1,-1,56.5882
2337.mp4,-1,-1,44.9098
4304.mp4,-1,-1,61.6021
759.mp4,-1,-1,49.441
4047.mp4,-1,-1,57.4017
2323.mp4,-1,-1,38.0875
5253.mp4,-1,-1,48.7965
4896.mp4,-1,-1,54.1237
4232.mp4,-1,-1,54.6852
5904.mp4,-1,-1,32.1474
2875.mp4,-1,-1,53.2231
87.mp4,-1,-1,50.4876
6283.mp4,-1,-1,62.9059
2920.mp4,-1,-1,53.7017
4916.mp4,-1,-1,42.4038
3701.mp4,-1,-1,54.1424
2678.mp4,-1,-1,68.0243
2000.mp4,-1,-1,64.8531
3067.mp4,-1,-1,64.2213
863.mp4,-1,-1,55.4881
1703.mp4,-1,-1,43.2899
3354.mp4,-1,-1,59.6068
2041.mp4,-1,-1,63.0192
4636.mp4,-1,-1,30.8915
1249.mp4,-1,-1,62.9157
1936.mp4,-1,-1,48.2778
4709.mp4,-1,-1,33.163
3843.mp4,-1,-1,40.3742
3357.mp4,-1,-1,22.7001
3984.mp4,-1,-1,57.5195
6086.mp4,-1,-1,45.0785
4416.mp4,-1,-1,56.2787
253.mp4,-1,-1,52.7592
1025.mp4,-1,-1,68.4367
1834.mp4,-1,-1,51.5605
5620.mp4,-1,-1,47.3654
2811.mp4,-1,-1,61.5432
1111.mp4,-1,-1,68.9378
122.mp4,-1,-1,35.8676
192.mp4,-1,-1,65.1304
1649.mp4,-1,-1,45.5437
5270.mp4,-1,-1,61.7301
4221.mp4,-1,-1,55.2823
5187.mp4,-1,-1,58.1631
1582.mp4,-1,-1,66.1211
2671.mp4,-1,-1,19.9319
3260.mp4,-1,-1,61.6337
1231.mp4,-1,-1,47.2412
5914.mp4,-1,-1,63.4093
4683.mp4,-1,-1,45.3843
5745.mp4,-1,-1,40.8774
5298.mp4,-1,-1,52.7431
3157.mp4,-1,-1,47.9227
2791.mp4,-1,-1,28.7473
4920.mp4,-1,-1,62.1236
2838.mp4,-1,-1,56.7667
1647.mp4,-1,-1,41.5946
2319.mp4,-1,-1,51.8901
2409.mp4,-1,-1,48.3978
1841.mp4,-1,-1,57.0516
1334.mp4,-1,-1,57.8563
4855.mp4,-1,-1,63.6397
2549.mp4,-1,-1,55.9424
5959.mp4,-1,-1,28.0079
389.mp4,-1,-1,37.0617
853.mp4,-1,-1,49.3128
4455.mp4,-1,-1,51.8
1574.mp4,-1,-1,62.372
3141.mp4,-1,-1,62.7781
1014.mp4,-1,-1,54.2358
4817.mp4,-1,-1,47.7922
1934.mp4,-1,-1,52.9816
4019.mp4,-1,-1,45.3758
1706.mp4,-1,-1,59.2157
3894.mp4,-1,-1,57.6006
3264.mp4,-1,-1,55.1824
3706.mp4,-1,-1,55.1461
981.mp4,-1,-1,48.1366
5143.mp4,-1,-1,48.0038
3742.mp4,-1,-1,49.7709
1321.mp4,-1,-1,57.9928
2714.mp4,-1,-1,62.4814
5030.mp4,-1,-1,49.7325
1805.mp4,-1,-1,55.6106
2246.mp4,-1,-1,37.1071
5461.mp4,-1,-1,57.5934
4452.mp4,-1,-1,39.5113
2717.mp4,-1,-1,51.751
6188.mp4,-1,-1,56.2286
2507.mp4,-1,-1,49.5988
4778.mp4,-1,-1,52.6753
2880.mp4,-1,-1,32.2299
2961.mp4,-1,-1,47.0503
1247.mp4,-1,-1,50.4853
6066.mp4,-1,-1,53.2534
1057.mp4,-1,-1,56.3459
3459.mp4,-1,-1,41.7123
94.mp4,-1,-1,57.9599
1294.mp4,-1,-1,55.3152
3156.mp4,-1,-1,55.0214
1453.mp4,-1,-1,39.0018
4697.mp4,-1,-1,39.2715
5467.mp4,-1,-1,21.9824
1035.mp4,-1,-1,54.8352
5027.mp4,-1,-1,50.4508
4733.mp4,-1,-1,43.6532
133.mp4,-1,-1,65.6639
1208.mp4,-1,-1,46.5256
5841.mp4,-1,-1,42.5949
5847.mp4,-1,-1,56.1658
870.mp4,-1,-1,26.1233
1281.mp4,-1,-1,60.2202
3568.mp4,-1,-1,50.1953
6212.mp4,-1,-1,38.3931
5424.mp4,-1,-1,37.1689
1036.mp4,-1,-1,64.9774
735.mp4,-1,-1,40.3965
2347.mp4,-1,-1,51.1148
2109.mp4,-1,-1,48.078
3973.mp4,-1,-1,52.5821
3619.mp4,-1,-1,53.0995
2657.mp4,-1,-1,57.3116
6266.mp4,-1,-1,57.1645
652.mp4,-1,-1,29.7836
1678.mp4,-1,-1,50.6353
543.mp4,-1,-1,56.1294
1910.mp4,-1,-1,50.9861
2664.mp4,-1,-1,65.2853
1127.mp4,-1,-1,52.6559
1652.mp4,-1,-1,51.25
5746.mp4,-1,-1,40.1433
2165.mp4,-1,-1,55.1882
3300.mp4,-1,-1,34.657
5963.mp4,-1,-1,45.9257
720.mp4,-1,-1,59.7529
3435.mp4,-1,-1,41.5257
378.mp4,-1,-1,45.0783
3282.mp4,-1,-1,46.0806
4022.mp4,-1,-1,31.913
5647.mp4,-1,-1,57.5072
1892.mp4,-1,-1,58.3695
4248.mp4,-1,-1,57.3477
5152.mp4,-1,-1,61.4667
5031.mp4,-1,-1,45.668
2769.mp4,-1,-1,38.6181
2444.mp4,-1,-1,51.4144
4153.mp4,-1,-1,45.9409
5333.mp4,-1,-1,57.3939
1534.mp4,-1,-1,60.8588
4254.mp4,-1,-1,43.2031
307.mp4,-1,-1,41.1263
324.mp4,-1,-1,60.9859
2359.mp4,-1,-1,44.3179
3224.mp4,-1,-1,56.5091
5334.mp4,-1,-1,35.367
5770.mp4,-1,-1,47.9138
434.mp4,-1,-1,38.6424
246.mp4,-1,-1,36.9195
4390.mp4,-1,-1,42.8264
5687.mp4,-1,-1,54.8611
1490.mp4,-1,-1,50.6911
3573.mp4,-1,-1,25.5743
6271.mp4,-1,-1,27.0275
4105.mp4,-1,-1,27.555
4900.mp4,-1,-1,59.9104
5829.mp4,-1,-1,51.2352
3768.mp4,-1,-1,59.461
5046.mp4,-1,-1,45.6388
976.mp4,-1,-1,56.7431
4397.mp4,-1,-1,50.74
888.mp4,-1,-1,38.8239
5410.mp4,-1,-1,35.4871
769.mp4,-1,-1,51.8601
2890.mp4,-1,-1,41.2032
1495.mp4,-1,-1,29.9309
52.mp4,-1,-1,59.5961
3008.mp4,-1,-1,64.5822
2307.mp4,-1,-1,60.4981
2670.mp4,-1,-1,22.9888
663.mp4,-1,-1,64.1683
2229.mp4,-1,-1,34.0895
270.mp4,-1,-1,56.9114
3247.mp4,-1,-1,44.4156
965.mp4,-1,-1,58.6311
3497.mp4,-1,-1,61.3378
3713.mp4,-1,-1,55.6079
3988.mp4,-1,-1,60.9468
3782.mp4,-1,-1,62.7679
4870.mp4,-1,-1,65.7718
4013.mp4,-1,-1,38.4964
3363.mp4,-1,-1,41.0233
4394.mp4,-1,-1,52.0247
3474.mp4,-1,-1,59.5366
4319.mp4,-1,-1,40.2508
6121.mp4,-1,-1,34.4004
5264.mp4,-1,-1,48.9047
5095.mp4,-1,-1,60.3914
3334.mp4,-1,-1,25.2174
818.mp4,-1,-1,43.0911
6087.mp4,-1,-1,56.5648
2147.mp4,-1,-1,57.2912
2415.mp4,-1,-1,52.9806
5332.mp4,-1,-1,39.09
3913.mp4,-1,-1,23.844
3380.mp4,-1,-1,61.4238
3861.mp4,-1,-1,42.9312
5036.mp4,-1,-1,55.9999
5712.mp4,-1,-1,69.4608
5663.mp4,-1,-1,57.3683
5216.mp4,-1,-1,59.4257
370.mp4,-1,-1,63.4046
2698.mp4,-1,-1,20.0309
3561.mp4,-1,-1,56.8493
2689.mp4,-1,-1,62.9682
5462.mp4,-1,-1,20.4392
135.mp4,-1,-1,41.3619
4339.mp4,-1,-1,50.8572
3400.mp4,-1,-1,60.3175
5472.mp4,-1,-1,30.1948
6096.mp4,-1,-1,51.9064
580.mp4,-1,-1,58.9386
2009.mp4,-1,-1,49.04
3869.mp4,-1,-1,57.7024
6166.mp4,-1,-1,56.0848
3210.mp4,-1,-1,62.6321
3804.mp4,-1,-1,47.6457
2476.mp4,-1,-1,63.25
2212.mp4,-1,-1,44.9965
497.mp4,-1,-1,51.4318
5423.mp4,-1,-1,20.0365
5822.mp4,-1,-1,63.2535
2987.mp4,-1,-1,55.6552
2527.mp4,-1,-1,62.6486
3196.mp4,-1,-1,63.6223
897.mp4,-1,-1,32.5628
1439.mp4,-1,-1,47.3716
4891.mp4,-1,-1,53.896
3214.mp4,-1,-1,65.6056
760.mp4,-1,-1,63.6429
5636.mp4,-1,-1,29.9356
5882.mp4,-1,-1,51.0645
1827.mp4,-1,-1,41.3365
3947.mp4,-1,-1,44.3305
455.mp4,-1,-1,56.0287
5037.mp4,-1,-1,66.7886
484.mp4,-1,-1,42.5388
5001.mp4,-1,-1,57.4724
298.mp4,-1,-1,34.2419
1786.mp4,-1,-1,50.5345
2035.mp4,-1,-1,49.4878
4358.mp4,-1,-1,69.0725
831.mp4,-1,-1,41.9902
2725.mp4,-1,-1,42.7002
3368.mp4,-1,-1,56.7236
5572.mp4,-1,-1,57.831
1052.mp4,-1,-1,49.8643
5238.mp4,-1,-1,44.9332
5325.mp4,-1,-1,53.4604
3467.mp4,-1,-1,35.1448
5491.mp4,-1,-1,61.1194
3856.mp4,-1,-1,45.9516
4906.mp4,-1,-1,57.7273
4059.mp4,-1,-1,53.133
2982.mp4,-1,-1,44.7878
1042.mp4,-1,-1,61.8284
4185.mp4,-1,-1,57.4522
1810.mp4,-1,-1,49.4134
4669.mp4,-1,-1,63.9143
3343.mp4,-1,-1,31.7968
2542.mp4,-1,-1,19.4931
1721.mp4,-1,-1,56.282
5950.mp4,-1,-1,66.3676
1707.mp4,-1,-1,64.4838
1550.mp4,-1,-1,46.6308
5168.mp4,-1,-1,57.607
5358.mp4,-1,-1,50.9128
3910.mp4,-1,-1,57.8676
4935.mp4,-1,-1,51.0661
5588.mp4,-1,-1,51.2334
1469.mp4,-1,-1,51.8877
1226.mp4,-1,-1,56.6467
43.mp4,-1,-1,44.8898
3522.mp4,-1,-1,48.5585
2913.mp4,-1,-1,48.2874
1460.mp4,-1,-1,49.3949
1209.mp4,-1,-1,58.0092
2259.mp4,-1,-1,58.6905
5433.mp4,-1,-1,19.2891
2350.mp4,-1,-1,47.149
3998.mp4,-1,-1,59.2207
4243.mp4,-1,-1,52.9474
2014.mp4,-1,-1,28.3623
3204.mp4,-1,-1,44.9443
6071.mp4,-1,-1,52.5379
3621.mp4,-1,-1,40.4331
1161.mp4,-1,-1,47.4436
2046.mp4,-1,-1,49.2787
3565.mp4,-1,-1,41.0777
3531.mp4,-1,-1,46.1141
335.mp4,-1,-1,47.0817
4761.mp4,-1,-1,45.9442
5605.mp4,-1,-1,49.6095
1028.mp4,-1,-1,49.0011
3604.mp4,-1,-1,67.5743
589.mp4,-1,-1,55.6607
606.mp4,-1,-1,44.7307
3635.mp4,-1,-1,50.6177
6234.mp4,-1,-1,52.959
3193.mp4,-1,-1,43.2772
1174.mp4,-1,-1,31.2483
3134.mp4,-1,-1,60.4253
3955.mp4,-1,-1,53.9366
5121.mp4,-1,-1,31.8937
259.mp4,-1,-1,55.2442
5135.mp4,-1,-1,59.4195
5709.mp4,-1,-1,62.4062
1198.mp4,-1,-1,58.94
285.mp4,-1,-1,72.1199
4751.mp4,-1,-1,56.1124
6167.mp4,-1,-1,60.8004
555.mp4,-1,-1,45.0752
5162.mp4,-1,-1,60.2166
1449.mp4,-1,-1,55.3518
5470.mp4,-1,-1,57.191
3679.mp4,-1,-1,58.3013
5674.mp4,-1,-1,65.2264
5128.mp4,-1,-1,56.3269
1074.mp4,-1,-1,52.2278
2177.mp4,-1,-1,19.512
2061.mp4,-1,-1,62.1457
3774.mp4,-1,-1,58.2049
204.mp4,-1,-1,64.1088
1381.mp4,-1,-1,49.2745
1547.mp4,-1,-1,37.4551
365.mp4,-1,-1,46.2331
4361.mp4,-1,-1,45.0056
3919.mp4,-1,-1,46.8326
2306.mp4,-1,-1,30.9161
2647.mp4,-1,-1,59.8017
504.mp4,-1,-1,54.1115
5870.mp4,-1,-1,34.0553
5487.mp4,-1,-1,48.9645
894.mp4,-1,-1,51.9763
3563.mp4,-1,-1,54.8278
3494.mp4,-1,-1,45.8386
4803.mp4,-1,-1,42.3475
1349.mp4,-1,-1,44.8762
1044.mp4,-1,-1,36.0303
2236.mp4,-1,-1,57.2002
1699.mp4,-1,-1,54.0519
1692.mp4,-1,-1,47.9185
2436.mp4,-1,-1,47.4343
721.mp4,-1,-1,58.8116
5002.mp4,-1,-1,36.2359
1180.mp4,-1,-1,54.5563
1693.mp4,-1,-1,60.3902
2158.mp4,-1,-1,49.9204
2701.mp4,-1,-1,30.5946
4420.mp4,-1,-1,21.4591
5974.mp4,-1,-1,53.9449
1525.mp4,-1,-1,52.511
1167.mp4,-1,-1,32.8812
3754.mp4,-1,-1,57.5179
982.mp4,-1,-1,50.2462
2977.mp4,-1,-1,53.9083
1829.mp4,-1,-1,62.1529
4740.mp4,-1,-1,53.732
1097.mp4,-1,-1,58.4687
2708.mp4,-1,-1,52.9463
1998.mp4,-1,-1,51.2015
971.mp4,-1,-1,61.1795
763.mp4,-1,-1,34.5939
4503.mp4,-1,-1,40.1069
964.mp4,-1,-1,42.4765
3513.mp4,-1,-1,29.553
6238.mp4,-1,-1,68.4163
928.mp4,-1,-1,54.3517
3654.mp4,-1,-1,53.9722
1793.mp4,-1,-1,46.9067
5555.mp4,-1,-1,62.813
544.mp4,-1,-1,49.6695
5562.mp4,-1,-1,44.6689
2745.mp4,-1,-1,56.5205
3364.mp4,-1,-1,56.753
3589.mp4,-1,-1,57.9439
338.mp4,-1,-1,59.6291
1890.mp4,-1,-1,32.3104
1258.mp4,-1,-1,42.9562
2979.mp4,-1,-1,40.3757
3634.mp4,-1,-1,38.2354
2787.mp4,-1,-1,38.369
3099.mp4,-1,-1,46.8642
2756.mp4,-1,-1,62.3961
5339.mp4,-1,-1,40.0574
3516.mp4,-1,-1,48.2988
1905.mp4,-1,-1,47.8544
3267.mp4,-1,-1,50.9422
2153.mp4,-1,-1,55.5198
4983.mp4,-1,-1,60.2593
1655.mp4,-1,-1,29.2775
1330.mp4,-1,-1,41.2464
6231.mp4,-1,-1,48.4549
6274.mp4,-1,-1,44.675
5615.mp4,-1,-1,27.0932
6054.mp4,-1,-1,33.6066
1282.mp4,-1,-1,50.1511
2207.mp4,-1,-1,46.1552
699.mp4,-1,-1,64.4096
3081.mp4,-1,-1,54.1298
5342.mp4,-1,-1,55.5686
4459.mp4,-1,-1,32.4263
4026.mp4,-1,-1,54.6978
6000.mp4,-1,-1,59.7381
2404.mp4,-1,-1,52.0083
4190.mp4,-1,-1,57.2406
3305.mp4,-1,-1,59.107
2810.mp4,-1,-1,28.2593
1030.mp4,-1,-1,33.0584
1038.mp4,-1,-1,61.5426
5862.mp4,-1,-1,51.3267
1513.mp4,-1,-1,58.5607
4113.mp4,-1,-1,56.7675
1800.mp4,-1,-1,57.5182
2368.mp4,-1,-1,54.6954
444.mp4,-1,-1,50.5211
188.mp4,-1,-1,41.7731
433.mp4,-1,-1,43.0748
3902.mp4,-1,-1,39.3584
125.mp4,-1,-1,58.6932
450.mp4,-1,-1,40.9595
884.mp4,-1,-1,57.1825
4897.mp4,-1,-1,57.848
2131.mp4,-1,-1,56.9717
679.mp4,-1,-1,51.2719
2042.mp4,-1,-1,51.3793
2366.mp4,-1,-1,62.5241
6174.mp4,-1,-1,50.3175
4665.mp4,-1,-1,37.6938
3045.mp4,-1,-1,14.0973
5189.mp4,-1,-1,38.416
2893.mp4,-1,-1,47.1472
3918.mp4,-1,-1,43.8659
5169.mp4,-1,-1,36.4726
5473.mp4,-1,-1,57.5772
1641.mp4,-1,-1,57.9769
4581.mp4,-1,-1,51.9323
3517.mp4,-1,-1,56.7698
1135.mp4,-1,-1,56.279
2007.mp4,-1,-1,56.1333
1427.mp4,-1,-1,55.3565
4946.mp4,-1,-1,53.1851
2876.mp4,-1,-1,51.5995
5677.mp4,-1,-1,65.5597
5693.mp4,-1,-1,65.728
3612.mp4,-1,-1,66.6274
795.mp4,-1,-1,64.8466
3722.mp4,-1,-1,63.8587
1629.mp4,-1,-1,57.5889
4836.mp4,-1,-1,41.1432
1414.mp4,-1,-1,48.8253
1570.mp4,-1,-1,47.4022
5428.mp4,-1,-1,49.2807
3595.mp4,-1,-1,53.6714
3284.mp4,-1,-1,58.2923
3731.mp4,-1,-1,39.4577
2754.mp4,-1,-1,55.6018
1359.mp4,-1,-1,39.4633
2310.mp4,-1,-1,49.489
1773.mp4,-1,-1,34.682
3582.mp4,-1,-1,53.7707
5784.mp4,-1,-1,66.4376
3900.mp4,-1,-1,57.3465
2858.mp4,-1,-1,55.1172
1718.mp4,-1,-1,59.1905
2724.mp4,-1,-1,36.2236
3877.mp4,-1,-1,54.5504
1961.mp4,-1,-1,45.9776
6214.mp4,-1,-1,30.7022
2711.mp4,-1,-1,60.8069
5262.mp4,-1,-1,51.4307
5582.mp4,-1,-1,64.1735
5853.mp4,-1,-1,55.2998
1531.mp4,-1,-1,44.434
5542.mp4,-1,-1,65.532
1482.mp4,-1,-1,62.3149
5276.mp4,-1,-1,57.9795
3261.mp4,-1,-1,57.8983
1335.mp4,-1,-1,63.5912
1246.mp4,-1,-1,44.9742
3765.mp4,-1,-1,52.4007
5507.mp4,-1,-1,52.1884
4448.mp4,-1,-1,49.125
1815.mp4,-1,-1,49.9564
4987.mp4,-1,-1,48.9293
2312.mp4,-1,-1,50.7285
1393.mp4,-1,-1,54.3949
2897.mp4,-1,-1,51.5885
2498.mp4,-1,-1,66.7202
5150.mp4,-1,-1,60.5199
3461.mp4,-1,-1,28.4526
3362.mp4,-1,-1,62.866
5359.mp4,-1,-1,36.9429
915.mp4,-1,-1,49.4017
4861.mp4,-1,-1,49.4342
807.mp4,-1,-1,57.3764
2052.mp4,-1,-1,40.3119
5047.mp4,-1,-1,51.3884
1681.mp4,-1,-1,42.2827
5533.mp4,-1,-1,66.4545
3311.mp4,-1,-1,59.4581
517.mp4,-1,-1,51.6234
907.mp4,-1,-1,64.7734
692.mp4,-1,-1,54.4945
3992.mp4,-1,-1,58.4176
2148.mp4,-1,-1,60.7366
5808.mp4,-1,-1,64.7943
5125.mp4,-1,-1,49.797
2898.mp4,-1,-1,57.5985
2263.mp4,-1,-1,38.6102
4372.mp4,-1,-1,53.8545
1610.mp4,-1,-1,57.3865
5419.mp4,-1,-1,41.4998
1844.mp4,-1,-1,41.444
794.mp4,-1,-1,55.3881
6215.mp4,-1,-1,70.7688
1833.mp4,-1,-1,28.5865
5114.mp4,-1,-1,42.1918
1065.mp4,-1,-1,44.54
1857.mp4,-1,-1,45.8583
3315.mp4,-1,-1,61.9553
764.mp4,-1,-1,64.6759
5496.mp4,-1,-1,42.4011
2927.mp4,-1,-1,34.725
1095.mp4,-1,-1,58.2897
5566.mp4,-1,-1,35.4679
2477.mp4,-1,-1,50.7053
2864.mp4,-1,-1,69.7738
5716.mp4,-1,-1,43.7564
1358.mp4,-1,-1,62.0781
4826.mp4,-1,-1,66.8506
102.mp4,-1,-1,62.7711
2743.mp4,-1,-1,39.0149
4895.mp4,-1,-1,51.1614
4834.mp4,-1,-1,46.5561
2637.mp4,-1,-1,48.4173
2361.mp4,-1,-1,47.8526
5071.mp4,-1,-1,55.1794
1592.mp4,-1,-1,39.2543
337.mp4,-1,-1,56.3374
3848.mp4,-1,-1,63.6428
1769.mp4,-1,-1,41.133
5091.mp4,-1,-1,45.7758
4922.mp4,-1,-1,51.0616
2625.mp4,-1,-1,35.6932
5988.mp4,-1,-1,26.7475
4805.mp4,-1,-1,49.1705
3358.mp4,-1,-1,61.0023
4849.mp4,-1,-1,52.2519
4034.mp4,-1,-1,58.0982
4682.mp4,-1,-1,49.229
4136.mp4,-1,-1,54.9555
4567.mp4,-1,-1,63.0524
541.mp4,-1,-1,59.8119
3817.mp4,-1,-1,62.8924
6276.mp4,-1,-1,66.7006
4633.mp4,-1,-1,48.2058
1452.mp4,-1,-1,29.3409
3624.mp4,-1,-1,57.4731
3736.mp4,-1,-1,56.6462
2581.mp4,-1,-1,54.1964
4242.mp4,-1,-1,62.2809
3653.mp4,-1,-1,64.6548
6144.mp4,-1,-1,44.6833
4176.mp4,-1,-1,59.9412
377.mp4,-1,-1,36.5842
84.mp4,-1,-1,58.5129
5006.mp4,-1,-1,64.1067
493.mp4,-1,-1,49.81
2487.mp4,-1,-1,49.7691
2091.mp4,-1,-1,56.0051
4660.mp4,-1,-1,49.2869
3003.mp4,-1,-1,53.5433
2411.mp4,-1,-1,36.4837
4250.mp4,-1,-1,56.6872
2038.mp4,-1,-1,43.6141
3181.mp4,-1,-1,44.5096
4103.mp4,-1,-1,38.5412
3949.mp4,-1,-1,67.6605
6099.mp4,-1,-1,57.1766
2844.mp4,-1,-1,62.4834
5654.mp4,-1,-1,39.6428
2607.mp4,-1,-1,42.5419
3979.mp4,-1,-1,43.1957
5379.mp4,-1,-1,52.6534
4522.mp4,-1,-1,46.9022
998.mp4,-1,-1,37.0265
4050.mp4,-1,-1,63.0871
1184.mp4,-1,-1,60.0612
4138.mp4,-1,-1,41.0136
3837.mp4,-1,-1,30.0784
3755.mp4,-1,-1,45.4396
5646.mp4,-1,-1,53.6278
1966.mp4,-1,-1,57.1598
2364.mp4,-1,-1,50.0153
3340.mp4,-1,-1,25.6669
2792.mp4,-1,-1,57.7308
1557.mp4,-1,-1,65.2042
1304.mp4,-1,-1,38.6174
6156.mp4,-1,-1,64.658
4675.mp4,-1,-1,40.102
6201.mp4,-1,-1,30.1779
5987.mp4,-1,-1,61.2719
2906.mp4,-1,-1,53.1677
2947.mp4,-1,-1,42.3049
3674.mp4,-1,-1,62.2021
3769.mp4,-1,-1,66.7753
3216.mp4,-1,-1,61.914
538.mp4,-1,-1,57.4524
1791.mp4,-1,-1,42.7672
3143.mp4,-1,-1,35.658
2519.mp4,-1,-1,53.7305
3651.mp4,-1,-1,57.688
3961.mp4,-1,-1,64.149
2186.mp4,-1,-1,56.9602
3898.mp4,-1,-1,55.3038
3163.mp4,-1,-1,49.9519
3602.mp4,-1,-1,22.5292
5852.mp4,-1,-1,50.3324
5356.mp4,-1,-1,53.0217
2919.mp4,-1,-1,63.2945
730.mp4,-1,-1,56.9271
2155.mp4,-1,-1,56.5125
893.mp4,-1,-1,56.0602
2427.mp4,-1,-1,53.96
4977.mp4,-1,-1,40.3358
3483.mp4,-1,-1,55.7663
5639.mp4,-1,-1,39.4738
4635.mp4,-1,-1,36.2804
2017.mp4,-1,-1,47.5392
5665.mp4,-1,-1,50.6657
3899.mp4,-1,-1,63.8518
3798.mp4,-1,-1,57.6694
4907.mp4,-1,-1,39.0317
334.mp4,-1,-1,34.6263
4093.mp4,-1,-1,56.7759
838.mp4,-1,-1,53.7798
1288.mp4,-1,-1,55.4614
929.mp4,-1,-1,50.8835
4239.mp4,-1,-1,41.5831
78.mp4,-1,-1,55.9039
242.mp4,-1,-1,58.2933
3384.mp4,-1,-1,30.0278
575.mp4,-1,-1,41.1648
1850.mp4,-1,-1,65.7507
4445.mp4,-1,-1,46.0448
5477.mp4,-1,-1,64.4117
5928.mp4,-1,-1,33.7463
1253.mp4,-1,-1,33.3536
2269.mp4,-1,-1,42.2245
2497.mp4,-1,-1,37.3811
2942.mp4,-1,-1,61.0575
3842.mp4,-1,-1,52.8206
2600.mp4,-1,-1,61.1899
3151.mp4,-1,-1,25.8516
2761.mp4,-1,-1,44.8481
5895.mp4,-1,-1,58.6303
2113.mp4,-1,-1,53.9901
3254.mp4,-1,-1,59.8863
5952.mp4,-1,-1,17.4097
2874.mp4,-1,-1,59.1173
3663.mp4,-1,-1,43.8496
5536.mp4,-1,-1,64.7586
2553.mp4,-1,-1,40.952
1527.mp4,-1,-1,55.5432
3169.mp4,-1,-1,58.8011
4039.mp4,-1,-1,49.961
1267.mp4,-1,-1,48.9402
3268.mp4,-1,-1,60.9406
5727.mp4,-1,-1,56.9748
859.mp4,-1,-1,69.9652
3695.mp4,-1,-1,64.2916
5268.mp4,-1,-1,54.7621
5405.mp4,-1,-1,58.1781
2118.mp4,-1,-1,52.0205
881.mp4,-1,-1,45.975
3112.mp4,-1,-1,62.6071
592.mp4,-1,-1,44.991
4018.mp4,-1,-1,48.0091
961.mp4,-1,-1,16.4567
2771.mp4,-1,-1,55.5563
775.mp4,-1,-1,35.3208
2217.mp4,-1,-1,52.2981
348.mp4,-1,-1,50.1142
1084.mp4,-1,-1,58.5138
5010.mp4,-1,-1,73.7109
4622.mp4,-1,-1,37.1534
691.mp4,-1,-1,53.7184
4576.mp4,-1,-1,65.5068
905.mp4,-1,-1,57.1989
3274.mp4,-1,-1,55.0339
2736.mp4,-1,-1,57.9062
297.mp4,-1,-1,55.7649
2855.mp4,-1,-1,47.7222
3450.mp4,-1,-1,47.1344
4296.mp4,-1,-1,41.2089
2916.mp4,-1,-1,37.5251
5498.mp4,-1,-1,71.8699
1162.mp4,-1,-1,38.7575
5653.mp4,-1,-1,51.1942
4957.mp4,-1,-1,49.3883
5172.mp4,-1,-1,52.9374
4122.mp4,-1,-1,48.4291
995.mp4,-1,-1,28.1222
1658.mp4,-1,-1,53.426
110.mp4,-1,-1,45.1573
1283.mp4,-1,-1,62.9203
5427.mp4,-1,-1,53.909
5612.mp4,-1,-1,53.3311
2001.mp4,-1,-1,51.648
1446.mp4,-1,-1,65.7826
5648.mp4,-1,-1,36.31
2563.mp4,-1,-1,42.4596
2550.mp4,-1,-1,61.265
349.mp4,-1,-1,35.6869
5190.mp4,-1,-1,64.1357
6021.mp4,-1,-1,50.4898
4043.mp4,-1,-1,47.6028
5297.mp4,-1,-1,60.1565
5340.mp4,-1,-1,69.1952
661.mp4,-1,-1,53.3018
4860.mp4,-1,-1,41.023
3818.mp4,-1,-1,63.344
4123.mp4,-1,-1,49.137
1443.mp4,-1,-1,53.6337
57.mp4,-1,-1,60.487
5973.mp4,-1,-1,54.1343
165.mp4,-1,-1,43.2671
5284.mp4,-1,-1,38.3599
2447.mp4,-1,-1,56.5954
1772.mp4,-1,-1,48.7073
1530.mp4,-1,-1,35.4793
4560.mp4,-1,-1,33.9272
2943.mp4,-1,-1,52.7747
3753.mp4,-1,-1,53.0994
4031.mp4,-1,-1,51.4115
222.mp4,-1,-1,45.3644
3838.mp4,-1,-1,39.6131
3094.mp4,-1,-1,60.4985
2789.mp4,-1,-1,53.6612
1154.mp4,-1,-1,49.0732
3792.mp4,-1,-1,53.1686
5628.mp4,-1,-1,50.8099
4219.mp4,-1,-1,32.3595
3969.mp4,-1,-1,46.4593
5099.mp4,-1,-1,33.6138
1338.mp4,-1,-1,65.8702
1868.mp4,-1,-1,45.3747
5652.mp4,-1,-1,35.3211
4044.mp4,-1,-1,51.2025
6026.mp4,-1,-1,59.4893
4839.mp4,-1,-1,46.2551
3462.mp4,-1,-1,42.9104
651.mp4,-1,-1,16.1436
5406.mp4,-1,-1,35.2029
3975.mp4,-1,-1,55.2385
680.mp4,-1,-1,41.8972
196.mp4,-1,-1,49.0734
2313.mp4,-1,-1,57.9592
3642.mp4,-1,-1,51.5083
283.mp4,-1,-1,40.5469
2695.mp4,-1,-1,39.4846
91.mp4,-1,-1,38.8685
3486.mp4,-1,-1,54.7521
2182.mp4,-1,-1,46.7618
4835.mp4,-1,-1,52.2731
4730.mp4,-1,-1,46.1535
659.mp4,-1,-1,63.8034
5811.mp4,-1,-1,21.8706
4700.mp4,-1,-1,46.3145
3622.mp4,-1,-1,60.2093
2673.mp4,-1,-1,59.3603
5201.mp4,-1,-1,63.5745
5983.mp4,-1,-1,66.3472
3036.mp4,-1,-1,54.0491
1618.mp4,-1,-1,52.3953
287.mp4,-1,-1,56.988
5809.mp4,-1,-1,56.4265
2199.mp4,-1,-1,55.5367
454.mp4,-1,-1,63.805
5933.mp4,-1,-1,62.4282
5891.mp4,-1,-1,31.2233
5596.mp4,-1,-1,54.5938
5908.mp4,-1,-1,61.6842
2649.mp4,-1,-1,57.372
3392.mp4,-1,-1,53.5201
2911.mp4,-1,-1,37.44
5348.mp4,-1,-1,60.5822
4052.mp4,-1,-1,66.1048
2910.mp4,-1,-1,60.0797
1204.mp4,-1,-1,51.1871
2537.mp4,-1,-1,32.7907
5915.mp4,-1,-1,41.7406
4432.mp4,-1,-1,38.5571
5741.mp4,-1,-1,65.0191
6158.mp4,-1,-1,56.013
5123.mp4,-1,-1,62.9586
4781.mp4,-1,-1,57.1654
5871.mp4,-1,-1,58.4487
2449.mp4,-1,-1,55.4824
2252.mp4,-1,-1,55.4959
2976.mp4,-1,-1,42.7743
4133.mp4,-1,-1,30.5836
473.mp4,-1,-1,53.1885
533.mp4,-1,-1,41.0958
944.mp4,-1,-1,49.7662
2209.mp4,-1,-1,29.9085
4494.mp4,-1,-1,44.538
5769.mp4,-1,-1,37.0009
5902.mp4,-1,-1,53.4254
2834.mp4,-1,-1,53.2865
3886.mp4,-1,-1,66.0562
5541.mp4,-1,-1,58.2878
2055.mp4,-1,-1,33.817
6242.mp4,-1,-1,45.7712
678.mp4,-1,-1,42.3891
363.mp4,-1,-1,39.7799
45.mp4,-1,-1,48.598
809.mp4,-1,-1,61.4907
3387.mp4,-1,-1,47.0157
2341.mp4,-1,-1,60.4266
353.mp4,-1,-1,63.8132
128.mp4,-1,-1,53.568
3028.mp4,-1,-1,60.3676
80.mp4,-1,-1,70.7489
2984.mp4,-1,-1,59.4773
1126.mp4,-1,-1,30.0886
4858.mp4,-1,-1,54.2463
2885.mp4,-1,-1,53.2528
5614.mp4,-1,-1,40.5016
5514.mp4,-1,-1,37.5576
2441.mp4,-1,-1,37.1445
5997.mp4,-1,-1,39.7396
1828.mp4,-1,-1,46.1958
2309.mp4,-1,-1,58.5701
6277.mp4,-1,-1,37.9294
2300.mp4,-1,-1,58.4762
4301.mp4,-1,-1,64.1036
145.mp4,-1,-1,44.004
3648.mp4,-1,-1,54.5778
4621.mp4,-1,-1,53.9666
936.mp4,-1,-1,26.7897
1016.mp4,-1,-1,45.6052
5272.mp4,-1,-1,47.7495
4523.mp4,-1,-1,54.143
1636.mp4,-1,-1,58.8758
3482.mp4,-1,-1,48.7162
3656.mp4,-1,-1,52.1578
3322.mp4,-1,-1,54.2861
5493.mp4,-1,-1,37.4513
2466.mp4,-1,-1,63.154
281.mp4,-1,-1,53.5683
3017.mp4,-1,-1,48.9181
3063.mp4,-1,-1,50.2689
6168.mp4,-1,-1,57.3373
4686.mp4,-1,-1,55.0755
3397.mp4,-1,-1,43.3279
4090.mp4,-1,-1,58.7597
271.mp4,-1,-1,53.4803
5900.mp4,-1,-1,50.6941
1426.mp4,-1,-1,31.7555
5977.mp4,-1,-1,60.6958
1047.mp4,-1,-1,66.8894
1435.mp4,-1,-1,48.6239
3170.mp4,-1,-1,55.0139
47.mp4,-1,-1,28.2297
1129.mp4,-1,-1,60.3446
1479.mp4,-1,-1,62.4857
1143.mp4,-1,-1,60.9165
69.mp4,-1,-1,55.4624
5206.mp4,-1,-1,41.9264
4531.mp4,-1,-1,55.8468
5182.mp4,-1,-1,46.3204
2488.mp4,-1,-1,70.2535
4152.mp4,-1,-1,43.188
1094.mp4,-1,-1,57.1159
5671.mp4,-1,-1,55.9703
1236.mp4,-1,-1,35.9014
5344.mp4,-1,-1,60.9711
2311.mp4,-1,-1,57.3661
6129.mp4,-1,-1,59.7797
373.mp4,-1,-1,33.144
4251.mp4,-1,-1,53.6814
3383.mp4,-1,-1,51.359
2379.mp4,-1,-1,67.0005
5991.mp4,-1,-1,43.5323
2832.mp4,-1,-1,37.5717
5856.mp4,-1,-1,54.6842
278.mp4,-1,-1,53.7274
1175.mp4,-1,-1,38.2021
2213.mp4,-1,-1,44.712
3171.mp4,-1,-1,60.5209
5802.mp4,-1,-1,58.6894
5465.mp4,-1,-1,36.8372
1748.mp4,-1,-1,60.9518
5814.mp4,-1,-1,53.8562
6018.mp4,-1,-1,28.6254
330.mp4,-1,-1,62.4458
3236.mp4,-1,-1,40.1545
1457.mp4,-1,-1,49.863
5760.mp4,-1,-1,63.1929
1352.mp4,-1,-1,55.4603
5249.mp4,-1,-1,62.3757
2112.mp4,-1,-1,45.9455
5211.mp4,-1,-1,54.3044
6028.mp4,-1,-1,56.0081
351.mp4,-1,-1,52.123
2419.mp4,-1,-1,53.1434
4685.mp4,-1,-1,51.4634
2824.mp4,-1,-1,43.9716
2895.mp4,-1,-1,54.8434
5412.mp4,-1,-1,73.3503
3430.mp4,-1,-1,61.0071
1022.mp4,-1,-1,48.8458
1764.mp4,-1,-1,46.0395
1115.mp4,-1,-1,52.2953
1716.mp4,-1,-1,55.8239
4790.mp4,-1,-1,42.6782
1971.mp4,-1,-1,40.9717
836.mp4,-1,-1,42.3347
1220.mp4,-1,-1,51.1955
1609.mp4,-1,-1,56.41
4887.mp4,-1,-1,58.231
4744.mp4,-1,-1,44.9402
4716.mp4,-1,-1,42.8184
6172.mp4,-1,-1,57.9044
2634.mp4,-1,-1,29.2493
5947.mp4,-1,-1,61.6214
3155.mp4,-1,-1,51.7465
249.mp4,-1,-1,59.8091
3388.mp4,-1,-1,43.0162
79.mp4,-1,-1,61.9048
2095.mp4,-1,-1,41.7723
2768.mp4,-1,-1,35.4468
356.mp4,-1,-1,32.6105
5033.mp4,-1,-1,48.4819
269.mp4,-1,-1,52.8828
29.mp4,-1,-1,47.4134
4631.mp4,-1,-1,44.7258
5256.mp4,-1,-1,60.3046
284.mp4,-1,-1,42.4948
5881.mp4,-1,-1,70.2243
1871.mp4,-1,-1,57.9261
1225.mp4,-1,-1,41.1905
1499.mp4,-1,-1,55.3326
5159.mp4,-1,-1,52.2505
1935.mp4,-1,-1,37.1891
154.mp4,-1,-1,56.1891
5845.mp4,-1,-1,60.8593
1005.mp4,-1,-1,50.2488
4263.mp4,-1,-1,33.3443
2612.mp4,-1,-1,51.4097
1415.mp4,-1,-1,35.6968
2096.mp4,-1,-1,34.6363
783.mp4,-1,-1,41.0975
2735.mp4,-1,-1,52.3529
2356.mp4,-1,-1,53.6723
5141.mp4,-1,-1,58.2608
5087.mp4,-1,-1,46.7393
5766.mp4,-1,-1,36.6212
92.mp4,-1,-1,45.7489
6070.mp4,-1,-1,63.6271
4348.mp4,-1,-1,45.9571
3555.mp4,-1,-1,39.4454
5539.mp4,-1,-1,63.4232
4644.mp4,-1,-1,42.047
3609.mp4,-1,-1,60.1225
1740.mp4,-1,-1,47.8042
4966.mp4,-1,-1,41.8406
4142.mp4,-1,-1,64.66
3262.mp4,-1,-1,58.316
4837.mp4,-1,-1,57.7063
3809.mp4,-1,-1,42.5038
499.mp4,-1,-1,52.7459
1262.mp4,-1,-1,55.8151
2904.mp4,-1,-1,23.7723
263.mp4,-1,-1,54.7648
2569.mp4,-1,-1,40.0677
5731.mp4,-1,-1,34.6296
166.mp4,-1,-1,72.2752
4336.mp4,-1,-1,47.0393
2034.mp4,-1,-1,37.4587
4383.mp4,-1,-1,59.2034
233.mp4,-1,-1,64.0618
6254.mp4,-1,-1,58.3977
697.mp4,-1,-1,36.21
3690.mp4,-1,-1,58.2743
4449.mp4,-1,-1,61.8608
3911.mp4,-1,-1,42.4528
5453.mp4,-1,-1,62.402
3463.mp4,-1,-1,56.2861
1297.mp4,-1,-1,40.6703
1261.mp4,-1,-1,32.9916
5480.mp4,-1,-1,67.8252
1459.mp4,-1,-1,30.8218
2454.mp4,-1,-1,56.2656
798.mp4,-1,-1,44.6205
6032.mp4,-1,-1,37.1835
5907.mp4,-1,-1,65.0314
5926.mp4,-1,-1,57.0629
3515.mp4,-1,-1,30.5347
4747.mp4,-1,-1,40.2253
2614.mp4,-1,-1,52.2849
4025.mp4,-1,-1,53.9316
4158.mp4,-1,-1,56.084
3402.mp4,-1,-1,25.6217
1887.mp4,-1,-1,41.8319
2964.mp4,-1,-1,54.4384
4150.mp4,-1,-1,47.849
1630.mp4,-1,-1,49.5162
314.mp4,-1,-1,38.5777
6189.mp4,-1,-1,49.6216
3922.mp4,-1,-1,45.7323
5678.mp4,-1,-1,27.6324
104.mp4,-1,-1,58.5499
3970.mp4,-1,-1,61.8982
2814.mp4,-1,-1,60.1932
2395.mp4,-1,-1,64.75
3896.mp4,-1,-1,57.8398
2250.mp4,-1,-1,43.6437
4154.mp4,-1,-1,49.2901
4538.mp4,-1,-1,61.8735
1742.mp4,-1,-1,65.5734
1836.mp4,-1,-1,65.8356
2225.mp4,-1,-1,30.9664
2088.mp4,-1,-1,49.3928
2284.mp4,-1,-1,45.0694
2544.mp4,-1,-1,46.3797
4156.mp4,-1,-1,40.2936
1216.mp4,-1,-1,47.4478
2117.mp4,-1,-1,54.8815
2201.mp4,-1,-1,55.2291
2249.mp4,-1,-1,42.2419
4137.mp4,-1,-1,54.9229
3293.mp4,-1,-1,54.1922
2851.mp4,-1,-1,44.4868
6175.mp4,-1,-1,56.3572
4287.mp4,-1,-1,50.9441
5667.mp4,-1,-1,44.2923
5753.mp4,-1,-1,55.7346
4318.mp4,-1,-1,59.6578
67.mp4,-1,-1,52.5413
4074.mp4,-1,-1,54.3649
4605.mp4,-1,-1,34.882
914.mp4,-1,-1,58.423
770.mp4,-1,-1,60.0546
237.mp4,-1,-1,46.9978
882.mp4,-1,-1,52.0947
922.mp4,-1,-1,38.2743
3244.mp4,-1,-1,62.7015
346.mp4,-1,-1,40.0796
624.mp4,-1,-1,43.6508
5945.mp4,-1,-1,59.7007
1645.mp4,-1,-1,50.7071
419.mp4,-1,-1,49.903
1437.mp4,-1,-1,40.3492
494.mp4,-1,-1,61.9492
358.mp4,-1,-1,50.753
5354.mp4,-1,-1,27.6745
1485.mp4,-1,-1,48.004
6267.mp4,-1,-1,38.7796
2194.mp4,-1,-1,47.1711
3699.mp4,-1,-1,57.2972
4828.mp4,-1,-1,55.7482
645.mp4,-1,-1,43.0104
4413.mp4,-1,-1,44.3605
2974.mp4,-1,-1,55.2571
2068.mp4,-1,-1,48.4165
2837.mp4,-1,-1,57.9513
1548.mp4,-1,-1,59.7214
4592.mp4,-1,-1,57.8592
2063.mp4,-1,-1,64.9988
430.mp4,-1,-1,56.3511
6180.mp4,-1,-1,54.3291
5015.mp4,-1,-1,49.6049
5860.mp4,-1,-1,62.4638
5205.mp4,-1,-1,38.4649
5391.mp4,-1,-1,38.8083
1341.mp4,-1,-1,58.0375
1896.mp4,-1,-1,29.4988
3879.mp4,-1,-1,53.5211
1946.mp4,-1,-1,54.2071
2179.mp4,-1,-1,52.9987
2595.mp4,-1,-1,58.99
4773.mp4,-1,-1,50.8312
6181.mp4,-1,-1,61.0881
871.mp4,-1,-1,59.2948
1176.mp4,-1,-1,53.1287
4084.mp4,-1,-1,42.3574
5801.mp4,-1,-1,64.8209
5538.mp4,-1,-1,21.9278
4904.mp4,-1,-1,63.2846
5797.mp4,-1,-1,59.4811
176.mp4,-1,-1,45.3724
231.mp4,-1,-1,46.97
1327.mp4,-1,-1,52.1635
1285.mp4,-1,-1,65.2777
1854.mp4,-1,-1,59.5717
5715.mp4,-1,-1,44.2
2255.mp4,-1,-1,58.2583
1874.mp4,-1,-1,59.9275
5598.mp4,-1,-1,56.9569
1011.mp4,-1,-1,49.3941
1704.mp4,-1,-1,55.6572
4012.mp4,-1,-1,61.3426
1826.mp4,-1,-1,67.9832
962.mp4,-1,-1,68.2584
3423.mp4,-1,-1,38.4148
2104.mp4,-1,-1,48.4108
376.mp4,-1,-1,62.219
3549.mp4,-1,-1,50.2242
1515.mp4,-1,-1,52.0598
5655.mp4,-1,-1,67.5742
5698.mp4,-1,-1,49.7754
3105.mp4,-1,-1,56.9757
5736.mp4,-1,-1,60.4187
4172.mp4,-1,-1,54.2996
797.mp4,-1,-1,46.849
5224.mp4,-1,-1,57.5112
5383.mp4,-1,-1,41.0902
4507.mp4,-1,-1,41.298
5315.mp4,-1,-1,65.3449
6002.mp4,-1,-1,51.6419
4405.mp4,-1,-1,43.611
1603.mp4,-1,-1,59.1495
886.mp4,-1,-1,44.4006
1566.mp4,-1,-1,34.7644
5805.mp4,-1,-1,58.8704
4792.mp4,-1,-1,47.1709
27.mp4,-1,-1,58.7481
539.mp4,-1,-1,32.0514
3525.mp4,-1,-1,59.4241
2620.mp4,-1,-1,51.8033
4410.mp4,-1,-1,52.1347
3574.mp4,-1,-1,58.2883
4401.mp4,-1,-1,56.5022
5730.mp4,-1,-1,35.8803
3885.mp4,-1,-1,44.8672
3569.mp4,-1,-1,43.9215
3529.mp4,-1,-1,54.9287
2785.mp4,-1,-1,46.2411
2878.mp4,-1,-1,55.7671
3989.mp4,-1,-1,48.9655
5571.mp4,-1,-1,65.8556
698.mp4,-1,-1,51.9204
1403.mp4,-1,-1,60.157
1108.mp4,-1,-1,63.2663
6128.mp4,-1,-1,70.1384
2100.mp4,-1,-1,45.8025
3202.mp4,-1,-1,62.9051
323.mp4,-1,-1,41.0466
4745.mp4,-1,-1,62.6718
4418.mp4,-1,-1,44.5399
1241.mp4,-1,-1,62.89
1015.mp4,-1,-1,69.9241
4945.mp4,-1,-1,48.1025
1569.mp4,-1,-1,49.816
4959.mp4,-1,-1,56.1793
5556.mp4,-1,-1,46.2987
4911.mp4,-1,-1,48.1785
13.mp4,-1,-1,60.5884
3552.mp4,-1,-1,49.1536
6161.mp4,-1,-1,56.238
4403.mp4,-1,-1,50.2381
642.mp4,-1,-1,38.3471
1932.mp4,-1,-1,64.7672
1895.mp4,-1,-1,53.0154
5641.mp4,-1,-1,22.4306
2208.mp4,-1,-1,51.7557
633.mp4,-1,-1,53.7549
300.mp4,-1,-1,40.0999
2353.mp4,-1,-1,65.1473
4815.mp4,-1,-1,55.2494
5250.mp4,-1,-1,60.8691
1770.mp4,-1,-1,46.6333
6122.mp4,-1,-1,41.8865
4130.mp4,-1,-1,51.6978
5557.mp4,-1,-1,63.2184
714.mp4,-1,-1,53.7088
5227.mp4,-1,-1,51.6671
531.mp4,-1,-1,41.1139
5511.mp4,-1,-1,55.6641
2848.mp4,-1,-1,48.8711
5158.mp4,-1,-1,41.7098
6084.mp4,-1,-1,45.7901
2693.mp4,-1,-1,47.8226
4166.mp4,-1,-1,60.9249
1925.mp4,-1,-1,49.1818
3687.mp4,-1,-1,30.4182
4807.mp4,-1,-1,61.7636
443.mp4,-1,-1,27.3202
4473.mp4,-1,-1,38.6993
4181.mp4,-1,-1,53.876
6097.mp4,-1,-1,68.1142
127.mp4,-1,-1,58.7233
3098.mp4,-1,-1,64.9056
5288.mp4,-1,-1,54.7661
6149.mp4,-1,-1,69.5477
2264.mp4,-1,-1,58.1747
2746.mp4,-1,-1,47.2054
4086.mp4,-1,-1,40.6715
746.mp4,-1,-1,51.3083
3881.mp4,-1,-1,37.9705
2462.mp4,-1,-1,31.8305
4949.mp4,-1,-1,45.1343
2149.mp4,-1,-1,41.1072
236.mp4,-1,-1,62.2608
1303.mp4,-1,-1,55.0032
1364.mp4,-1,-1,27.4385
682.mp4,-1,-1,66.0923
5110.mp4,-1,-1,46.3333
4588.mp4,-1,-1,43.8343
2510.mp4,-1,-1,62.4029
5245.mp4,-1,-1,45.5858
4335.mp4,-1,-1,46.2118
3159.mp4,-1,-1,62.4251
3377.mp4,-1,-1,45.8064
5261.mp4,-1,-1,31.4534
5439.mp4,-1,-1,51.8381
2002.mp4,-1,-1,35.5408
5550.mp4,-1,-1,30.9759
156.mp4,-1,-1,52.5441
3443.mp4,-1,-1,54.8577
5664.mp4,-1,-1,56.2303
2663.mp4,-1,-1,48.1794
472.mp4,-1,-1,44.3571
4016.mp4,-1,-1,19.1983
3265.mp4,-1,-1,62.4123
5791.mp4,-1,-1,66.4217
294.mp4,-1,-1,32.8593
5576.mp4,-1,-1,34.4253
3883.mp4,-1,-1,43.0834
2755.mp4,-1,-1,49.9523
5733.mp4,-1,-1,55.4677
452.mp4,-1,-1,32.8204
740.mp4,-1,-1,59.6596
5116.mp4,-1,-1,43.2286
4702.mp4,-1,-1,45.2237
1813.mp4,-1,-1,49.89
2174.mp4,-1,-1,66.5517
3321.mp4,-1,-1,50.7988
3234.mp4,-1,-1,47.4578
1311.mp4,-1,-1,60.4329
