1632.mp4,-1,-1,50.8022
1085.mp4,-1,-1,52.1682
4734.mp4,-1,-1,44.5594
1213.mp4,-1,-1,57.7179
5689.mp4,-1,-1,48.2004
4757.mp4,-1,-1,50.946
932.mp4,-1,-1,50.3739
429.mp4,-1,-1,54.3223
3663.mp4,-1,-1,39.5642
5997.mp4,-1,-1,41.7468
5958.mp4,-1,-1,54.0093
237.mp4,-1,-1,53.6831
5296.mp4,-1,-1,43.6068
616.mp4,-1,-1,34.6641
5084.mp4,-1,-1,60.8665
1790.mp4,-1,-1,54.7957
2499.mp4,-1,-1,54.3205
1282.mp4,-1,-1,49.1857
6104.mp4,-1,-1,42.8728
5354.mp4,-1,-1,34.6264
2058.mp4,-1,-1,53.89
4143.mp4,-1,-1,51.5075
2545.mp4,-1,-1,52.0826
671.mp4,-1,-1,56.6399
4870.mp4,-1,-1,56.5442
6081.mp4,-1,-1,43.3147
4732.mp4,-1,-1,53.3662
1864.mp4,-1,-1,57.0493
2719.mp4,-1,-1,60.6512
2291.mp4,-1,-1,55.3098
4645.mp4,-1,-1,53.4886
5091.mp4,-1,-1,43.9272
45.mp4,-1,-1,47.3088
1324.mp4,-1,-1,47.5755
4340.mp4,-1,-1,40.6555
1392.mp4,-1,-1,63.3606
1699.mp4,-1,-1,53.4204
4865.mp4,-1,-1,48.505
6071.mp4,-1,-1,48.2649
1099.mp4,-1,-1,51.6198
3574.mp4,-1,-1,55.3476
4449.mp4,-1,-1,58.7764
3568.mp4,-1,-1,50.3598
221.mp4,-1,-1,59.2828
5885.mp4,-1,-1,65.5863
3829.mp4,-1,-1,48.4763
645.mp4,-1,-1,51.8685
2563.mp4,-1,-1,42.2968
1259.mp4,-1,-1,55.9154
3167.mp4,-1,-1,47.4161
2690.mp4,-1,-1,49.526
3224.mp4,-1,-1,57.9023
2927.mp4,-1,-1,15.6534
2550.mp4,-1,-1,54.3752
5845.mp4,-1,-1,57.4453
3136.mp4,-1,-1,48.5673
1219.mp4,-1,-1,56.0556
4448.mp4,-1,-1,47.9628
4185.mp4,-1,-1,52.1375
290.mp4,-1,-1,53.9299
4883.mp4,-1,-1,59.7627
5203.mp4,-1,-1,50.5985
294.mp4,-1,-1,42.0306
327.mp4,-1,-1,41.017
1077.mp4,-1,-1,57.2773
4134.mp4,-1,-1,47.3713
3384.mp4,-1,-1,34.2517
4956.mp4,-1,-1,47.4262
82.mp4,-1,-1,58.8693
1342.mp4,-1,-1,23.7224
2785.mp4,-1,-1,32.5668
1084.mp4,-1,-1,54.0609
770.mp4,-1,-1,60.4701
5232.mp4,-1,-1,51.2854
897.mp4,-1,-1,35.0256
3995.mp4,-1,-1,61.8963
981.mp4,-1,-1,52.0112
4257.mp4,-1,-1,52.417
1827.mp4,-1,-1,40.1315
3201.mp4,-1,-1,57.9255
1681.mp4,-1,-1,49.6781
4638.mp4,-1,-1,50.9506
5968.mp4,-1,-1,59.1344
1740.mp4,-1,-1,50.1875
5720.mp4,-1,-1,41.6022
297.mp4,-1,-1,59.3199
1990.mp4,-1,-1,52.3565
4329.mp4,-1,-1,52.1483
1603.mp4,-1,-1,63.1312
895.mp4,-1,-1,58.0577
638.mp4,-1,-1,58.8505
4074.mp4,-1,-1,55.6802
2284.mp4,-1,-1,45.9271
695.mp4,-1,-1,46.8332
2979.mp4,-1,-1,45.2264
3862.mp4,-1,-1,58.4236
79.mp4,-1,-1,55.9858
250.mp4,-1,-1,61.7499
1322.mp4,-1,-1,61.6256
2812.mp4,-1,-1,53.3287
3563.mp4,-1,-1,50.5911
2749.mp4,-1,-1,63.8934
2572.mp4,-1,-1,57.4562
894.mp4,-1,-1,50.2917
4740.mp4,-1,-1,52.7394
6212.mp4,-1,-1,44.3749
5263.mp4,-1,-1,59.6151
1959.mp4,-1,-1,54.6195
2731.mp4,-1,-1,63.05
6165.mp4,-1,-1,54.4629
2963.mp4,-1,-1,59.9856
4615.mp4,-1,-1,56.7826
6029.mp4,-1,-1,32.7936
3421.mp4,-1,-1,51.7938
3649.mp4,-1,-1,45.6227
704.mp4,-1,-1,60.6006
3561.mp4,-1,-1,57.2482
2425.mp4,-1,-1,55.9119
454.mp4,-1,-1,59.2011
4778.mp4,-1,-1,53.5689
5441.mp4,-1,-1,48.1467
4715.mp4,-1,-1,54.4152
652.mp4,-1,-1,37.7727
6105.mp4,-1,-1,51.3324
3322.mp4,-1,-1,57.6768
4300.mp4,-1,-1,39.3094
3523.mp4,-1,-1,59.3762
4332.mp4,-1,-1,53.8211
5732.mp4,-1,-1,59.3217
842.mp4,-1,-1,54.1449
3309.mp4,-1,-1,53.5847
1932.mp4,-1,-1,56.9318
733.mp4,-1,-1,50.6621
5027.mp4,-1,-1,55.8004
4546.mp4,-1,-1,45.4056
3914.mp4,-1,-1,52.7851
5009.mp4,-1,-1,27.5384
2888.mp4,-1,-1,40.0702
2519.mp4,-1,-1,54.7282
2752.mp4,-1,-1,60.1159
3859.mp4,-1,-1,45.9039
1243.mp4,-1,-1,51.9572
3418.mp4,-1,-1,44.7276
5164.mp4,-1,-1,59.5029
4992.mp4,-1,-1,50.3383
1478.mp4,-1,-1,46.6967
3661.mp4,-1,-1,39.6757
3474.mp4,-1,-1,58.8059
4005.mp4,-1,-1,59.7372
2378.mp4,-1,-1,63.0714
3368.mp4,-1,-1,53.0061
1127.mp4,-1,-1,46.077
5977.mp4,-1,-1,60.7329
750.mp4,-1,-1,45.6414
3415.mp4,-1,-1,54.4038
4383.mp4,-1,-1,55.4859
601.mp4,-1,-1,61.2818
530.mp4,-1,-1,53.2935
6220.mp4,-1,-1,58.0489
5153.mp4,-1,-1,61.5523
4891.mp4,-1,-1,46.5892
307.mp4,-1,-1,51.9308
5369.mp4,-1,-1,35.1056
5692.mp4,-1,-1,46.2984
2593.mp4,-1,-1,50.0968
2041.mp4,-1,-1,55.5953
997.mp4,-1,-1,63.895
2069.mp4,-1,-1,58.4663
4282.mp4,-1,-1,61.7492
6160.mp4,-1,-1,51.2756
2017.mp4,-1,-1,38.4952
4264.mp4,-1,-1,48.0054
2462.mp4,-1,-1,35.5949
5665.mp4,-1,-1,49.9153
2760.mp4,-1,-1,56.0214
891.mp4,-1,-1,53.7353
4481.mp4,-1,-1,60.7114
1452.mp4,-1,-1,40.068
584.mp4,-1,-1,39.6619
3001.mp4,-1,-1,49.4969
3099.mp4,-1,-1,49.7513
3237.mp4,-1,-1,17.5216
1275.mp4,-1,-1,51.6017
5504.mp4,-1,-1,17.2619
4418.mp4,-1,-1,44.7927
3964.mp4,-1,-1,44.3775
1247.mp4,-1,-1,50.0885
5646.mp4,-1,-1,53.8777
63.mp4,-1,-1,60.2959
1226.mp4,-1,-1,57.4462
784.mp4,-1,-1,60.246
349.mp4,-1,-1,12.1308
3662.mp4,-1,-1,56.7055
4156.mp4,-1,-1,45.5479
4864.mp4,-1,-1,54.1112
3010.mp4,-1,-1,31.3947
97.mp4,-1,-1,65.2716
2194.mp4,-1,-1,44.1547
202.mp4,-1,-1,56.7266
899.mp4,-1,-1,48.8063
2101.mp4,-1,-1,46.9001
6110.mp4,-1,-1,35.8087
1833.mp4,-1,-1,23.24
4510.mp4,-1,-1,33.059
2542.mp4,-1,-1,6.9862
1235.mp4,-1,-1,54.5929
5205.mp4,-1,-1,35.1796
4004.mp4,-1,-1,63.4329
309.mp4,-1,-1,60.5221
3831.mp4,-1,-1,44.7178
4516.mp4,-1,-1,60.0021
4760.mp4,-1,-1,48.9342
5478.mp4,-1,-1,51.394
4489.mp4,-1,-1,50.5831
3825.mp4,-1,-1,22.0277
1390.mp4,-1,-1,33.6628
125.mp4,-1,-1,58.2989
887.mp4,-1,-1,32.4146
265.mp4,-1,-1,54.6625
21.mp4,-1,-1,49.9574
1206.mp4,-1,-1,49.8787
6262.mp4,-1,-1,43.7448
934.mp4,-1,-1,52.6778
5614.mp4,-1,-1,50.1509
5840.mp4,-1,-1,41.6975
2440.mp4,-1,-1,47.5159
1160.mp4,-1,-1,59.9608
5225.mp4,-1,-1,62.7393
1695.mp4,-1,-1,48.967
29.mp4,-1,-1,43.8384
1728.mp4,-1,-1,59.8876
705.mp4,-1,-1,46.6082
418.mp4,-1,-1,59.497
1668.mp4,-1,-1,49.2127
3490.mp4,-1,-1,52.1112
1007.mp4,-1,-1,47.7471
3701.mp4,-1,-1,53.473
3405.mp4,-1,-1,35.1028
772.mp4,-1,-1,58.7698
2305.mp4,-1,-1,61.0614
5189.mp4,-1,-1,36.9977
1349.mp4,-1,-1,46.1953
3283.mp4,-1,-1,50.1769
5444.mp4,-1,-1,48.6084
3554.mp4,-1,-1,59.3127
2396.mp4,-1,-1,50.1362
262.mp4,-1,-1,65.664
5168.mp4,-1,-1,57.7856
2617.mp4,-1,-1,50.6155
2702.mp4,-1,-1,25.0657
970.mp4,-1,-1,44.3907
3163.mp4,-1,-1,48.8116
4596.mp4,-1,-1,54.3875
698.mp4,-1,-1,48.6036
5553.mp4,-1,-1,34.2584
4642.mp4,-1,-1,48.1395
3924.mp4,-1,-1,41.0456
53.mp4,-1,-1,48.3751
5227.mp4,-1,-1,54.7934
473.mp4,-1,-1,55.4295
1381.mp4,-1,-1,49.5307
675.mp4,-1,-1,67.2152
4012.mp4,-1,-1,63.5197
4248.mp4,-1,-1,55.6714
3044.mp4,-1,-1,59.008
1904.mp4,-1,-1,58.1463
2492.mp4,-1,-1,37.5199
3791.mp4,-1,-1,65.5427
2938.mp4,-1,-1,52.5083
2638.mp4,-1,-1,34.3855
795.mp4,-1,-1,62.6733
5042.mp4,-1,-1,44.554
6157.mp4,-1,-1,39.2065
3798.mp4,-1,-1,56.1633
4568.mp4,-1,-1,50.3758
1453.mp4,-1,-1,36.6399
3294.mp4,-1,-1,61.5175
3377.mp4,-1,-1,48.3017
796.mp4,-1,-1,13.2243
3262.mp4,-1,-1,55.997
3677.mp4,-1,-1,53.3659
753.mp4,-1,-1,61.4073
1051.mp4,-1,-1,44.7876
1026.mp4,-1,-1,48.9058
2733.mp4,-1,-1,34.7981
2264.mp4,-1,-1,61.953
4633.mp4,-1,-1,52.6906
3802.mp4,-1,-1,58.2597
3320.mp4,-1,-1,52.4053
4447.mp4,-1,-1,56.5627
5431.mp4,-1,-1,55.4126
1217.mp4,-1,-1,59.4221
303.mp4,-1,-1,51.9464
1131.mp4,-1,-1,48.7517
6039.mp4,-1,-1,54.0757
783.mp4,-1,-1,45.6137
3737.mp4,-1,-1,49.3391
1605.mp4,-1,-1,39.6754
4770.mp4,-1,-1,49.6345
888.mp4,-1,-1,39.3388
2102.mp4,-1,-1,53.9331
4873.mp4,-1,-1,37.7941
3140.mp4,-1,-1,53.6451
444.mp4,-1,-1,54.7264
5975.mp4,-1,-1,55.3269
2778.mp4,-1,-1,51.1862
3255.mp4,-1,-1,55.8932
2942.mp4,-1,-1,58.5024
3109.mp4,-1,-1,43.4587
5794.mp4,-1,-1,34.6433
2972.mp4,-1,-1,44.6293
976.mp4,-1,-1,56.5499
196.mp4,-1,-1,53.7581
282.mp4,-1,-1,30.9201
701.mp4,-1,-1,55.3069
4540.mp4,-1,-1,60.6367
686.mp4,-1,-1,41.8891
844.mp4,-1,-1,43.2784
1595.mp4,-1,-1,56.1851
96.mp4,-1,-1,51.2716
39.mp4,-1,-1,60.3262
2806.mp4,-1,-1,50.6498
5234.mp4,-1,-1,51.5311
450.mp4,-1,-1,39.7782
2182.mp4,-1,-1,52.4719
2522.mp4,-1,-1,52.6407
2157.mp4,-1,-1,58.1367
1775.mp4,-1,-1,56.7811
374.mp4,-1,-1,60.6094
2448.mp4,-1,-1,44.7571
1760.mp4,-1,-1,40.1758
4358.mp4,-1,-1,63.1663
1290.mp4,-1,-1,45.3288
5291.mp4,-1,-1,45.3201
1097.mp4,-1,-1,59.9273
3537.mp4,-1,-1,51.3944
1570.mp4,-1,-1,55.2619
1416.mp4,-1,-1,39.0919
1241.mp4,-1,-1,58.2867
3034.mp4,-1,-1,56.962
2738.mp4,-1,-1,55.7521
566.mp4,-1,-1,59.3402
2907.mp4,-1,-1,60.4552
4339.mp4,-1,-1,53.8016
1718.mp4,-1,-1,56.6319
607.mp4,-1,-1,48.6305
1907.mp4,-1,-1,46.1698
521.mp4,-1,-1,52.3199
4574.mp4,-1,-1,41.1743
3715.mp4,-1,-1,56.3718
4394.mp4,-1,-1,54.9107
3213.mp4,-1,-1,41.8158
3969.mp4,-1,-1,36.2897
4370.mp4,-1,-1,52.8219
2800.mp4,-1,-1,63.7984
6158.mp4,-1,-1,51.1709
4543.mp4,-1,-1,61.1906
5563.mp4,-1,-1,49.8265
4416.mp4,-1,-1,49.8155
540.mp4,-1,-1,53.0201
2203.mp4,-1,-1,54.5741
2922.mp4,-1,-1,33.7735
84.mp4,-1,-1,51.5447
4806.mp4,-1,-1,42.4593
2062.mp4,-1,-1,12.3302
5698.mp4,-1,-1,47.5871
5116.mp4,-1,-1,49.6182
3222.mp4,-1,-1,44.1673
2361.mp4,-1,-1,51.1554
4345.mp4,-1,-1,50.0126
5534.mp4,-1,-1,55.5654
5317.mp4,-1,-1,47.8232
352.mp4,-1,-1,46.6336
1952.mp4,-1,-1,47.4286
688.mp4,-1,-1,47.2836
2340.mp4,-1,-1,57.8095
6144.mp4,-1,-1,52.4032
3861.mp4,-1,-1,46.2929
3358.mp4,-1,-1,55.9502
1293.mp4,-1,-1,53.7334
2423.mp4,-1,-1,56.0508
1701.mp4,-1,-1,64.3271
1691.mp4,-1,-1,59.3751
3359.mp4,-1,-1,43.1362
2005.mp4,-1,-1,49.5807
1629.mp4,-1,-1,57.8836
4754.mp4,-1,-1,55.4234
3427.mp4,-1,-1,27.193
5548.mp4,-1,-1,66.9597
2214.mp4,-1,-1,55.8851
3030.mp4,-1,-1,37.0653
4921.mp4,-1,-1,56.722
6007.mp4,-1,-1,38.6987
2933.mp4,-1,-1,52.2938
2691.mp4,-1,-1,52.5767
377.mp4,-1,-1,33.0992
3705.mp4,-1,-1,43.4009
1341.mp4,-1,-1,59.2759
3354.mp4,-1,-1,55.3056
522.mp4,-1,-1,41.3894
387.mp4,-1,-1,47.1936
509.mp4,-1,-1,48.6027
3185.mp4,-1,-1,43.6165
326.mp4,-1,-1,62.2848
6224.mp4,-1,-1,49.594
4196.mp4,-1,-1,54.0117
1038.mp4,-1,-1,56.785
4712.mp4,-1,-1,47.883
3562.mp4,-1,-1,55.0772
6184.mp4,-1,-1,55.7758
267.mp4,-1,-1,60.9658
2872.mp4,-1,-1,24.8189
233.mp4,-1,-1,57.5175
481.mp4,-1,-1,58.9865
980.mp4,-1,-1,54.905
3364.mp4,-1,-1,53.7975
1910.mp4,-1,-1,53.5512
1779.mp4,-1,-1,62.1657
6263.mp4,-1,-1,64.7052
2209.mp4,-1,-1,29.9304
2531.mp4,-1,-1,59.9147
2289.mp4,-1,-1,57.0815
6153.mp4,-1,-1,52.5343
959.mp4,-1,-1,52.6527
1817.mp4,-1,-1,51.6017
5605.mp4,-1,-1,39.7649
2114.mp4,-1,-1,52.7809
5745.mp4,-1,-1,48.7829
5983.mp4,-1,-1,66.6164
975.mp4,-1,-1,21.0182
924.mp4,-1,-1,47.6334
1202.mp4,-1,-1,61.1918
2621.mp4,-1,-1,59.1815
715.mp4,-1,-1,55.9122
6066.mp4,-1,-1,50.3161
3617.mp4,-1,-1,46.2196
497.mp4,-1,-1,46.4287
1925.mp4,-1,-1,54.3847
5053.mp4,-1,-1,39.8823
1863.mp4,-1,-1,48.9304
1962.mp4,-1,-1,59.7666
3251.mp4,-1,-1,46.9458
581.mp4,-1,-1,57.1712
1031.mp4,-1,-1,59.9756
442.mp4,-1,-1,53.5124
3343.mp4,-1,-1,37.4839
2234.mp4,-1,-1,56.7291
4043.mp4,-1,-1,52.5181
543.mp4,-1,-1,56.6757
556.mp4,-1,-1,47.6973
2910.mp4,-1,-1,54.5275
12.mp4,-1,-1,59.2336
5896.mp4,-1,-1,59.3972
1673.mp4,-1,-1,55.7342
2501.mp4,-1,-1,31.4285
606.mp4,-1,-1,56.5901
5216.mp4,-1,-1,57.2357
2243.mp4,-1,-1,43.1492
2898.mp4,-1,-1,57.7126
5473.mp4,-1,-1,52.2242
1419.mp4,-1,-1,67.5704
6143.mp4,-1,-1,61.9583
2213.mp4,-1,-1,52.2778
2612.mp4,-1,-1,53.3144
2838.mp4,-1,-1,52.1945
5684.mp4,-1,-1,56.6612
6250.mp4,-1,-1,60.2964
3300.mp4,-1,-1,28.1378
1315.mp4,-1,-1,53.9158
4796.mp4,-1,-1,59.0235
713.mp4,-1,-1,34.7784
3799.mp4,-1,-1,49.4569
6199.mp4,-1,-1,31.028
3979.mp4,-1,-1,44.9939
2636.mp4,-1,-1,57.0217
993.mp4,-1,-1,56.5273
5123.mp4,-1,-1,57.5767
4957.mp4,-1,-1,52.7196
4709.mp4,-1,-1,35.7848
5936.mp4,-1,-1,47.2504
5712.mp4,-1,-1,65.1904
2773.mp4,-1,-1,70.1721
4412.mp4,-1,-1,51.7222
5018.mp4,-1,-1,59.4593
5401.mp4,-1,-1,33.8612
615.mp4,-1,-1,36.4554
4504.mp4,-1,-1,49.2033
1340.mp4,-1,-1,57.3891
884.mp4,-1,-1,54.1388
5163.mp4,-1,-1,53.096
6131.mp4,-1,-1,25.9242
1630.mp4,-1,-1,51.3171
6037.mp4,-1,-1,61.614
4566.mp4,-1,-1,56.6867
5878.mp4,-1,-1,57.3708
5933.mp4,-1,-1,57.7877
2783.mp4,-1,-1,54.1403
3156.mp4,-1,-1,51.3618
5294.mp4,-1,-1,11.9584
731.mp4,-1,-1,53.3014
4961.mp4,-1,-1,54.3735
5241.mp4,-1,-1,52.5231
1920.mp4,-1,-1,60.5971
3674.mp4,-1,-1,60.2422
1143.mp4,-1,-1,58.2614
3440.mp4,-1,-1,39.1322
3602.mp4,-1,-1,24.1466
4677.mp4,-1,-1,32.6855
4221.mp4,-1,-1,57.1211
877.mp4,-1,-1,61.7525
755.mp4,-1,-1,53.4085
1364.mp4,-1,-1,42.2536
2674.mp4,-1,-1,57.487
3747.mp4,-1,-1,39.5103
5733.mp4,-1,-1,54.2797
3016.mp4,-1,-1,62.4678
117.mp4,-1,-1,54.8447
1212.mp4,-1,-1,61.9333
2245.mp4,-1,-1,57.0817
6137.mp4,-1,-1,48.3409
3907.mp4,-1,-1,18.9068
5835.mp4,-1,-1,25.9224
5695.mp4,-1,-1,54.7065
4837.mp4,-1,-1,54.9417
2076.mp4,-1,-1,53.242
4702.mp4,-1,-1,50.1963
5747.mp4,-1,-1,51.3428
4570.mp4,-1,-1,51.3167
2568.mp4,-1,-1,51.9676
47.mp4,-1,-1,34.4051
5811.mp4,-1,-1,33.6643
978.mp4,-1,-1,46.6241
4838.mp4,-1,-1,51.8676
5094.mp4,-1,-1,49.8616
4044.mp4,-1,-1,58.5709
5690.mp4,-1,-1,51.9024
271.mp4,-1,-1,52.7634
3527.mp4,-1,-1,49.783
4887.mp4,-1,-1,56.8182
3402.mp4,-1,-1,41.3021
2048.mp4,-1,-1,40.8622
1567.mp4,-1,-1,48.3675
5045.mp4,-1,-1,47.0063
2516.mp4,-1,-1,58.3054
5909.mp4,-1,-1,50.2722
6244.mp4,-1,-1,53.5094
4939.mp4,-1,-1,41.5586
389.mp4,-1,-1,34.6293
1772.mp4,-1,-1,48.3323
106.mp4,-1,-1,58.3846
3691.mp4,-1,-1,30.4279
3241.mp4,-1,-1,24.8875
5404.mp4,-1,-1,64.809
1047.mp4,-1,-1,64.3917
1312.mp4,-1,-1,46.1219
3015.mp4,-1,-1,10.1877
6248.mp4,-1,-1,50.9176
5218.mp4,-1,-1,57.2457
839.mp4,-1,-1,67.3227
3003.mp4,-1,-1,54.22
4472.mp4,-1,-1,58.6676
4483.mp4,-1,-1,48.275
317.mp4,-1,-1,63.802
4812.mp4,-1,-1,61.8644
207.mp4,-1,-1,54.1532
5266.mp4,-1,-1,22.0163
1569.mp4,-1,-1,49.6276
3982.mp4,-1,-1,24.7412
2582.mp4,-1,-1,37.5314
1486.mp4,-1,-1,47.2331
512.mp4,-1,-1,45.9598
1923.mp4,-1,-1,55.2428
1242.mp4,-1,-1,28.5068
2734.mp4,-1,-1,59.6778
3075.mp4,-1,-1,55.4547
1943.mp4,-1,-1,52.6792
2841.mp4,-1,-1,48.8421
2432.mp4,-1,-1,53.7848
2948.mp4,-1,-1,50.8512
2427.mp4,-1,-1,51.3138
1446.mp4,-1,-1,58.6391
1994.mp4,-1,-1,65.5556
5611.mp4,-1,-1,55.9749
1036.mp4,-1,-1,60.4095
4188.mp4,-1,-1,50.1576
488.mp4,-1,-1,52.5337
1854.mp4,-1,-1,59.2293
354.mp4,-1,-1,50.8052
762.mp4,-1,-1,47.7828
4598.mp4,-1,-1,43.1841
20.mp4,-1,-1,41.793
3538.mp4,-1,-1,58.0809
2409.mp4,-1,-1,48.2595
2874.mp4,-1,-1,59.5278
4646.mp4,-1,-1,60.6649
1347.mp4,-1,-1,64.731
5229.mp4,-1,-1,57.3405
1548.mp4,-1,-1,56.8808
1708.mp4,-1,-1,49.0119
2961.mp4,-1,-1,46.6528
4964.mp4,-1,-1,59.5036
5612.mp4,-1,-1,51.5788
3850.mp4,-1,-1,67.3521
4360.mp4,-1,-1,42.0636
5849.mp4,-1,-1,56.3712
3647.mp4,-1,-1,53.7892
4943.mp4,-1,-1,52.9209
4147.mp4,-1,-1,41.4782
2183.mp4,-1,-1,62.677
3860.mp4,-1,-1,50.7872
4254.mp4,-1,-1,52.864
5333.mp4,-1,-1,55.7621
2868.mp4,-1,-1,41.0502
56.mp4,-1,-1,52.9507
1819.mp4,-1,-1,62.816
3069.mp4,-1,-1,53.8442
3204.mp4,-1,-1,49.6538
205.mp4,-1,-1,61.4118
1991.mp4,-1,-1,58.5517
1953.mp4,-1,-1,41.7015
4235.mp4,-1,-1,56.9247
2791.mp4,-1,-1,36.3691
5014.mp4,-1,-1,56.5936
2604.mp4,-1,-1,57.5535
3058.mp4,-1,-1,63.4245
5529.mp4,-1,-1,59.8058
122.mp4,-1,-1,48.979
5188.mp4,-1,-1,56.7079
754.mp4,-1,-1,57.3805
5757.mp4,-1,-1,59.7888
2573.mp4,-1,-1,62.0194
1466.mp4,-1,-1,35.9148
982.mp4,-1,-1,45.1923
5679.mp4,-1,-1,47.1439
2701.mp4,-1,-1,40.2553
1878.mp4,-1,-1,65.1732
2994.mp4,-1,-1,58.787
2694.mp4,-1,-1,61.8252
6207.mp4,-1,-1,54.7621
3141.mp4,-1,-1,65.5376
5750.mp4,-1,-1,59.6503
2360.mp4,-1,-1,60.4542
5715.mp4,-1,-1,29.3448
3834.mp4,-1,-1,59.6554
2456.mp4,-1,-1,31.065
1414.mp4,-1,-1,51.5003
2500.mp4,-1,-1,59.994
4930.mp4,-1,-1,42.6499
4519.mp4,-1,-1,56.1192
2706.mp4,-1,-1,60.7132
3502.mp4,-1,-1,50.809
3609.mp4,-1,-1,56.3291
5303.mp4,-1,-1,58.377
5131.mp4,-1,-1,45.0723
1515.mp4,-1,-1,53.0888
1667.mp4,-1,-1,52.463
2154.mp4,-1,-1,58.1268
840.mp4,-1,-1,54.319
384.mp4,-1,-1,37.9589
5434.mp4,-1,-1,37.0136
706.mp4,-1,-1,54.7196
2493.mp4,-1,-1,51.9264
3581.mp4,-1,-1,47.1325
3888.mp4,-1,-1,52.332
1462.mp4,-1,-1,54.5734
1793.mp4,-1,-1,31.1843
1314.mp4,-1,-1,55.0148
3376.mp4,-1,-1,55.3981
3919.mp4,-1,-1,50.411
1053.mp4,-1,-1,50.9351
2498.mp4,-1,-1,65.3014
947.mp4,-1,-1,55.6738
484.mp4,-1,-1,46.7454
4034.mp4,-1,-1,59.0339
253.mp4,-1,-1,54.1875
2843.mp4,-1,-1,59.0307
2478.mp4,-1,-1,39.2811
3293.mp4,-1,-1,54.2031
3183.mp4,-1,-1,51.7154
3332.mp4,-1,-1,55.1084
3445.mp4,-1,-1,57.3334
3760.mp4,-1,-1,58.7463
6117.mp4,-1,-1,53.3181
5098.mp4,-1,-1,33.2828
5472.mp4,-1,-1,2.67511
2932.mp4,-1,-1,59.2328
6177.mp4,-1,-1,54.6293
1528.mp4,-1,-1,56.3933
5974.mp4,-1,-1,56.2532
1310.mp4,-1,-1,45.1979
3548.mp4,-1,-1,58.4101
4000.mp4,-1,-1,54.829
2316.mp4,-1,-1,25.3598
3983.mp4,-1,-1,27.7357
6211.mp4,-1,-1,37.0586
1631.mp4,-1,-1,66.3113
1144.mp4,-1,-1,54.8025
4284.mp4,-1,-1,50.0629
1803.mp4,-1,-1,34.1693
2541.mp4,-1,-1,51.2042
5261.mp4,-1,-1,43.6532
2255.mp4,-1,-1,56.2504
400.mp4,-1,-1,34.648
5262.mp4,-1,-1,57.5706
5700.mp4,-1,-1,54.9853
3193.mp4,-1,-1,50.4245
4220.mp4,-1,-1,52.7306
4334.mp4,-1,-1,50.1939
353.mp4,-1,-1,60.0945
1230.mp4,-1,-1,46.1863
4200.mp4,-1,-1,40.1564
998.mp4,-1,-1,41.4785
222.mp4,-1,-1,52.1449
2771.mp4,-1,-1,58.8981
3522.mp4,-1,-1,46.9888
2256.mp4,-1,-1,28.8864
4896.mp4,-1,-1,58.0225
2494.mp4,-1,-1,28.3602
1789.mp4,-1,-1,43.7416
3379.mp4,-1,-1,61.6213
5774.mp4,-1,-1,57.0241
5509.mp4,-1,-1,60.5466
602.mp4,-1,-1,40.5336
955.mp4,-1,-1,52.7096
2174.mp4,-1,-1,64.5579
1862.mp4,-1,-1,35.6927
5388.mp4,-1,-1,41.1395
397.mp4,-1,-1,39.0354
6205.mp4,-1,-1,33.993
4811.mp4,-1,-1,42.7699
5566.mp4,-1,-1,40.3805
1233.mp4,-1,-1,60.4365
1983.mp4,-1,-1,53.5722
745.mp4,-1,-1,56.7208
3542.mp4,-1,-1,23.5856
2964.mp4,-1,-1,53.1236
1748.mp4,-1,-1,58.0525
440.mp4,-1,-1,45.3064
1388.mp4,-1,-1,60.7352
1356.mp4,-1,-1,51.4631
3894.mp4,-1,-1,54.6375
3657.mp4,-1,-1,47.2637
3623.mp4,-1,-1,48.9663
5631.mp4,-1,-1,53.6738
5696.mp4,-1,-1,54.7605
3234.mp4,-1,-1,45.1239
964.mp4,-1,-1,45.6752
4267.mp4,-1,-1,53.4184
6172.mp4,-1,-1,55.2082
2248.mp4,-1,-1,51.9492
2151.mp4,-1,-1,57.7573
4002.mp4,-1,-1,63.1206
1949.mp4,-1,-1,53.2354
1812.mp4,-1,-1,52.1818
5583.mp4,-1,-1,65.339
2389.mp4,-1,-1,53.7444
5487.mp4,-1,-1,50.7581
5448.mp4,-1,-1,65.797
3017.mp4,-1,-1,54.2774
2377.mp4,-1,-1,58.4101
901.mp4,-1,-1,57.3635
1327.mp4,-1,-1,51.6479
5124.mp4,-1,-1,51.916
285.mp4,-1,-1,66.1089
4039.mp4,-1,-1,48.0828
5767.mp4,-1,-1,58.5039
6183.mp4,-1,-1,65.7415
2884.mp4,-1,-1,54.3072
3731.mp4,-1,-1,44.1618
2449.mp4,-1,-1,57.1449
4485.mp4,-1,-1,41.0896
511.mp4,-1,-1,48.8217
2599.mp4,-1,-1,32.4802
4779.mp4,-1,-1,49.4402
3435.mp4,-1,-1,43.6746
971.mp4,-1,-1,59.7413
3260.mp4,-1,-1,58.8419
1393.mp4,-1,-1,52.5873
4714.mp4,-1,-1,51.4041
1366.mp4,-1,-1,11.1864
4908.mp4,-1,-1,58.9735
6011.mp4,-1,-1,44.7281
3232.mp4,-1,-1,57.706
3288.mp4,-1,-1,61.3857
5731.mp4,-1,-1,33.3742
99.mp4,-1,-1,51.1925
2904.mp4,-1,-1,27.3207
4285.mp4,-1,-1,51.059
4319.mp4,-1,-1,43.6508
5256.mp4,-1,-1,56.3043
774.mp4,-1,-1,59.9023
3110.mp4,-1,-1,54.6977
655.mp4,-1,-1,50.5019
5064.mp4,-1,-1,45.4461
5459.mp4,-1,-1,61.6425
4042.mp4,-1,-1,52.1779
5749.mp4,-1,-1,57.1635
203.mp4,-1,-1,58.8628
1936.mp4,-1,-1,54.7861
5443.mp4,-1,-1,57.6737
1165.mp4,-1,-1,21.3458
3740.mp4,-1,-1,24.6394
4408.mp4,-1,-1,44.7213
5837.mp4,-1,-1,55.7888
415.mp4,-1,-1,64.3028
4530.mp4,-1,-1,57.3162
6167.mp4,-1,-1,60.7428
4988.mp4,-1,-1,54.5118
4183.mp4,-1,-1,61.3846
1265.mp4,-1,-1,49.5
2352.mp4,-1,-1,45.4301
3284.mp4,-1,-1,52.0249
1980.mp4,-1,-1,53.0904
914.mp4,-1,-1,63.1608
1200.mp4,-1,-1,53.2949
3282.mp4,-1,-1,48.9871
2236.mp4,-1,-1,59.4306
2830.mp4,-1,-1,41.3301
2231.mp4,-1,-1,50.0741
2317.mp4,-1,-1,47.7666
3247.mp4,-1,-1,48.3673
3045.mp4,-1,-1,28.3544
466.mp4,-1,-1,38.8765
3765.mp4,-1,-1,51.6894
435.mp4,-1,-1,66.0992
1997.mp4,-1,-1,60.8647
2689.mp4,-1,-1,61.0467
6082.mp4,-1,-1,62.2205
5360.mp4,-1,-1,47.108
1354.mp4,-1,-1,40.0116
1808.mp4,-1,-1,39.2942
3165.mp4,-1,-1,48.9575
5029.mp4,-1,-1,47.4521
4533.mp4,-1,-1,62.0491
4835.mp4,-1,-1,49.3602
2127.mp4,-1,-1,57.438
1404.mp4,-1,-1,45.9579
5147.mp4,-1,-1,58.042
4549.mp4,-1,-1,47.5141
337.mp4,-1,-1,56.4226
3055.mp4,-1,-1,43.4328
908.mp4,-1,-1,46.5063
2408.mp4,-1,-1,61.9227
3130.mp4,-1,-1,50.9959
2735.mp4,-1,-1,51.0862
331.mp4,-1,-1,65.0675
2046.mp4,-1,-1,56.3319
5449.mp4,-1,-1,61.9112
3620.mp4,-1,-1,42.24
5526.mp4,-1,-1,51.7814
4885.mp4,-1,-1,64.4235
2150.mp4,-1,-1,60.6834
3305.mp4,-1,-1,53.9667
3901.mp4,-1,-1,51.623
883.mp4,-1,-1,59.671
1776.mp4,-1,-1,54.2312
2402.mp4,-1,-1,50.1493
5162.mp4,-1,-1,58.2988
3775.mp4,-1,-1,46.817
2186.mp4,-1,-1,55.4956
3198.mp4,-1,-1,31.7033
1225.mp4,-1,-1,44.8036
1857.mp4,-1,-1,44.5595
5947.mp4,-1,-1,60.2867
1171.mp4,-1,-1,50.0554
4393.mp4,-1,-1,57.3608
6002.mp4,-1,-1,52.0459
5629.mp4,-1,-1,50.1078
1158.mp4,-1,-1,56.446
3086.mp4,-1,-1,42.2072
129.mp4,-1,-1,42.2329
2747.mp4,-1,-1,54.8916
2024.mp4,-1,-1,55.1442
744.mp4,-1,-1,44.5432
3150.mp4,-1,-1,56.9776
1886.mp4,-1,-1,44.7868
5677.mp4,-1,-1,60.4003
996.mp4,-1,-1,61.4841
2471.mp4,-1,-1,65.7975
4736.mp4,-1,-1,46.0908
797.mp4,-1,-1,52.0649
1562.mp4,-1,-1,62.2684
308.mp4,-1,-1,55.0731
5576.mp4,-1,-1,41.8703
4987.mp4,-1,-1,46.2281
3018.mp4,-1,-1,57.3763
3646.mp4,-1,-1,54.923
2880.mp4,-1,-1,39.0817
3483.mp4,-1,-1,57.2053
4558.mp4,-1,-1,49.1695
3033.mp4,-1,-1,34.1981
1020.mp4,-1,-1,58.8405
3363.mp4,-1,-1,42.2137
4511.mp4,-1,-1,52.8251
1422.mp4,-1,-1,50.6646
4434.mp4,-1,-1,55.7653
2678.mp4,-1,-1,65.0328
2906.mp4,-1,-1,44.0324
2045.mp4,-1,-1,46.6012
4728.mp4,-1,-1,50.7837
4773.mp4,-1,-1,54.5089
518.mp4,-1,-1,41.7974
3595.mp4,-1,-1,54.1765
487.mp4,-1,-1,28.8428
3002.mp4,-1,-1,56.2667
1831.mp4,-1,-1,50.3375
1170.mp4,-1,-1,58.338
3473.mp4,-1,-1,59.8369
3771.mp4,-1,-1,57.3139
2374.mp4,-1,-1,55.1681
4161.mp4,-1,-1,52.6497
1841.mp4,-1,-1,48.7645
2649.mp4,-1,-1,54.0148
3447.mp4,-1,-1,43.622
3059.mp4,-1,-1,57.2977
3360.mp4,-1,-1,57.0914
3160.mp4,-1,-1,41.426
4751.mp4,-1,-1,53.037
1208.mp4,-1,-1,45.9589
5117.mp4,-1,-1,47.4993
679.mp4,-1,-1,52.5015
6274.mp4,-1,-1,49.7272
2992.mp4,-1,-1,64.5625
3932.mp4,-1,-1,50.6962
103.mp4,-1,-1,49.583
662.mp4,-1,-1,47.08
1402.mp4,-1,-1,59.7715
1075.mp4,-1,-1,54.8486
732.mp4,-1,-1,47.35
2333.mp4,-1,-1,46.1371
5645.mp4,-1,-1,46.7628
1198.mp4,-1,-1,59.4888
4506.mp4,-1,-1,49.3432
1639.mp4,-1,-1,51.3137
5228.mp4,-1,-1,54.2826
758.mp4,-1,-1,48.3578
411.mp4,-1,-1,60.864
5838.mp4,-1,-1,58.843
831.mp4,-1,-1,43.4747
2158.mp4,-1,-1,53.5213
5426.mp4,-1,-1,52.1568
5465.mp4,-1,-1,6.09944
1756.mp4,-1,-1,52.831
3028.mp4,-1,-1,59.9658
443.mp4,-1,-1,24.535
791.mp4,-1,-1,44.3738
697.mp4,-1,-1,37.4247
4785.mp4,-1,-1,56.957
5384.mp4,-1,-1,40.1388
1439.mp4,-1,-1,50.9033
930.mp4,-1,-1,52.5417
2976.mp4,-1,-1,46.2089
1068.mp4,-1,-1,55.8497
2658.mp4,-1,-1,54.5677
5709.mp4,-1,-1,59.6043
4772.mp4,-1,-1,49.6254
999.mp4,-1,-1,66.7938
2330.mp4,-1,-1,53.5304
245.mp4,-1,-1,54.0195
4820.mp4,-1,-1,42.2868
5120.mp4,-1,-1,54.8384
1955.mp4,-1,-1,46.0687
2108.mp4,-1,-1,58.0788
3245.mp4,-1,-1,61.6615
3910.mp4,-1,-1,54.6717
5328.mp4,-1,-1,57.1712
995.mp4,-1,-1,29.8475
3892.mp4,-1,-1,60.1667
1738.mp4,-1,-1,43.0185
2454.mp4,-1,-1,58.1603
1725.mp4,-1,-1,51.1128
5122.mp4,-1,-1,63.3747
1059.mp4,-1,-1,51.1298
492.mp4,-1,-1,40.3651
3837.mp4,-1,-1,30.3868
4575.mp4,-1,-1,53.4259
4776.mp4,-1,-1,44.0134
334.mp4,-1,-1,39.7959
942.mp4,-1,-1,37.2741
5281.mp4,-1,-1,62.5718
4437.mp4,-1,-1,46.8927
2837.mp4,-1,-1,60.1822
2014.mp4,-1,-1,30.4779
5506.mp4,-1,-1,42.2757
5419.mp4,-1,-1,38.9207
217.mp4,-1,-1,46.1843
4181.mp4,-1,-1,51.6244
6236.mp4,-1,-1,64.3924
486.mp4,-1,-1,9.73425
6203.mp4,-1,-1,37.9908
4898.mp4,-1,-1,45.6954
1698.mp4,-1,-1,34.6983
3422.mp4,-1,-1,58.1923
3549.mp4,-1,-1,50.5861
2302.mp4,-1,-1,55.7982
5538.mp4,-1,-1,33.3747
2359.mp4,-1,-1,49.7029
3233.mp4,-1,-1,53.4158
5569.mp4,-1,-1,61.1442
62.mp4,-1,-1,55.0517
2335.mp4,-1,-1,40.0407
3218.mp4,-1,-1,60.1258
399.mp4,-1,-1,56.0462
569.mp4,-1,-1,50.073
5903.mp4,-1,-1,52.9922
1768.mp4,-1,-1,61.9639
3231.mp4,-1,-1,43.3422
4923.mp4,-1,-1,60.7387
3515.mp4,-1,-1,38.8114
4789.mp4,-1,-1,51.8162
1832.mp4,-1,-1,38.4478
2935.mp4,-1,-1,61.6914
6128.mp4,-1,-1,65.8711
5026.mp4,-1,-1,55.8556
5693.mp4,-1,-1,63.9424
2893.mp4,-1,-1,53.0155
4098.mp4,-1,-1,61.5181
1985.mp4,-1,-1,36.6362
1881.mp4,-1,-1,24.4388
60.mp4,-1,-1,50.3875
889.mp4,-1,-1,44.3226
3484.mp4,-1,-1,51.36
4866.mp4,-1,-1,45.2684
4995.mp4,-1,-1,32.9332
4190.mp4,-1,-1,61.1272
1376.mp4,-1,-1,54.546
1884.mp4,-1,-1,51.9732
6035.mp4,-1,-1,50.7815
1281.mp4,-1,-1,54.6942
1732.mp4,-1,-1,60.6391
4669.mp4,-1,-1,64.0543
4849.mp4,-1,-1,55.553
2915.mp4,-1,-1,51.3683
1527.mp4,-1,-1,56.1415
5491.mp4,-1,-1,58.6173
5519.mp4,-1,-1,53.7936
2222.mp4,-1,-1,3.78975
3571.mp4,-1,-1,49.4963
2250.mp4,-1,-1,51.7702
5880.mp4,-1,-1,45.8792
2930.mp4,-1,-1,54.7566
1186.mp4,-1,-1,53.0506
348.mp4,-1,-1,53.7113
2033.mp4,-1,-1,58.5563
4172.mp4,-1,-1,54.4752
2816.mp4,-1,-1,46.4897
5427.mp4,-1,-1,55.9815
778.mp4,-1,-1,58.6855
585.mp4,-1,-1,48.2704
4692.mp4,-1,-1,52.0539
3327.mp4,-1,-1,31.1906
472.mp4,-1,-1,47.8151
1177.mp4,-1,-1,50.4281
2628.mp4,-1,-1,55.5852
2989.mp4,-1,-1,62.1201
5702.mp4,-1,-1,51.0842
5103.mp4,-1,-1,24.0116
3811.mp4,-1,-1,50.5798
969.mp4,-1,-1,50.948
2870.mp4,-1,-1,34.5618
2707.mp4,-1,-1,47.08
4492.mp4,-1,-1,49.5683
5513.mp4,-1,-1,37.7425
1625.mp4,-1,-1,54.5935
5073.mp4,-1,-1,70.3027
4722.mp4,-1,-1,44.9127
1397.mp4,-1,-1,52.6653
1123.mp4,-1,-1,59.8067
1604.mp4,-1,-1,50.5537
3335.mp4,-1,-1,37.9191
2896.mp4,-1,-1,47.0448
3328.mp4,-1,-1,44.085
1928.mp4,-1,-1,34.6963
1065.mp4,-1,-1,40.1192
3582.mp4,-1,-1,51.758
2105.mp4,-1,-1,64.7432
2878.mp4,-1,-1,52.8788
4663.mp4,-1,-1,44.6904
4388.mp4,-1,-1,52.1095
2240.mp4,-1,-1,49.4018
3876.mp4,-1,-1,39.6068
6221.mp4,-1,-1,49.3656
2279.mp4,-1,-1,48.8992
5207.mp4,-1,-1,56.2984
58.mp4,-1,-1,56.7734
674.mp4,-1,-1,57.5277
4681.mp4,-1,-1,47.6686
1421.mp4,-1,-1,41.4887
3955.mp4,-1,-1,23.6377
2641.mp4,-1,-1,50.5136
6031.mp4,-1,-1,38.9322
814.mp4,-1,-1,49.9179
838.mp4,-1,-1,52.7184
3268.mp4,-1,-1,59.5961
845.mp4,-1,-1,41.023
6175.mp4,-1,-1,56.5807
5617.mp4,-1,-1,59.201
714.mp4,-1,-1,55.8716
5415.mp4,-1,-1,55.1144
3524.mp4,-1,-1,49.2576
1154.mp4,-1,-1,48.4347
1298.mp4,-1,-1,54.4222
1560.mp4,-1,-1,54.9633
807.mp4,-1,-1,54.6516
2561.mp4,-1,-1,49.97
5687.mp4,-1,-1,51.1103
4046.mp4,-1,-1,50.0912
1868.mp4,-1,-1,46.5938
1408.mp4,-1,-1,64.6604
2142.mp4,-1,-1,52.8684
292.mp4,-1,-1,39.4589
4459.mp4,-1,-1,40.3859
145.mp4,-1,-1,56.479
5872.mp4,-1,-1,53.6637
1157.mp4,-1,-1,48.6898
3742.mp4,-1,-1,46.5915
356.mp4,-1,-1,36.1872
3958.mp4,-1,-1,28.9498
4420.mp4,-1,-1,26.9662
5270.mp4,-1,-1,61.2571
3387.mp4,-1,-1,52.7213
4152.mp4,-1,-1,48.6136
5921.mp4,-1,-1,48.6411
2434.mp4,-1,-1,55.9833
3714.mp4,-1,-1,62.4425
4948.mp4,-1,-1,44.7001
1072.mp4,-1,-1,56.7139
5649.mp4,-1,-1,50.1255
6180.mp4,-1,-1,58.4035
589.mp4,-1,-1,56.4651
220.mp4,-1,-1,67.2586
90.mp4,-1,-1,55.0508
3263.mp4,-1,-1,44.4015
2100.mp4,-1,-1,50.675
369.mp4,-1,-1,51.4703
1766.mp4,-1,-1,42.0916
3856.mp4,-1,-1,45.6328
3111.mp4,-1,-1,48.299
6235.mp4,-1,-1,65.7656
2546.mp4,-1,-1,55.7629
2590.mp4,-1,-1,51.3161
2082.mp4,-1,-1,55.5879
5918.mp4,-1,-1,40.7749
1977.mp4,-1,-1,46.6783
5922.mp4,-1,-1,50.3185
6219.mp4,-1,-1,62.4728
1444.mp4,-1,-1,56.0962
5667.mp4,-1,-1,49.6306
4050.mp4,-1,-1,60.3119
6149.mp4,-1,-1,66.1192
3457.mp4,-1,-1,48.591
3127.mp4,-1,-1,41.2884
3465.mp4,-1,-1,52.8671
3444.mp4,-1,-1,46.0038
499.mp4,-1,-1,49.2979
1971.mp4,-1,-1,45.2125
4395.mp4,-1,-1,46.0878
2115.mp4,-1,-1,55.2594
678.mp4,-1,-1,38.5044
4365.mp4,-1,-1,58.4946
5017.mp4,-1,-1,56.7981
4150.mp4,-1,-1,51.8256
1092.mp4,-1,-1,50.4167
5621.mp4,-1,-1,61.0307
4023.mp4,-1,-1,56.8993
3541.mp4,-1,-1,53.1754
4868.mp4,-1,-1,45.5424
5808.mp4,-1,-1,63.5094
5074.mp4,-1,-1,50.0229
977.mp4,-1,-1,61.0059
4683.mp4,-1,-1,52.0084
5869.mp4,-1,-1,60.9931
5083.mp4,-1,-1,41.6222
1413.mp4,-1,-1,60.5802
3410.mp4,-1,-1,52.4857
1566.mp4,-1,-1,39.4903
3784.mp4,-1,-1,45.6798
931.mp4,-1,-1,53.196
4822.mp4,-1,-1,53.9699
2892.mp4,-1,-1,54.6404
2535.mp4,-1,-1,48.6787
5457.mp4,-1,-1,47.2471
2177.mp4,-1,-1,30.743
2946.mp4,-1,-1,49.4934
2443.mp4,-1,-1,30.7483
4529.mp4,-1,-1,42.4352
341.mp4,-1,-1,52.3814
3008.mp4,-1,-1,64.9677
2146.mp4,-1,-1,54.2147
2332.mp4,-1,-1,48.9189
447.mp4,-1,-1,62.7484
3532.mp4,-1,-1,57.2564
4580.mp4,-1,-1,58.4478
3961.mp4,-1,-1,63.1585
3589.mp4,-1,-1,58.131
4385.mp4,-1,-1,57.283
580.mp4,-1,-1,59.2378
5543.mp4,-1,-1,50.7795
1173.mp4,-1,-1,44.8543
1509.mp4,-1,-1,48.4612
990.mp4,-1,-1,16.7759
1861.mp4,-1,-1,59.856
3289.mp4,-1,-1,54.8155
2019.mp4,-1,-1,40.4916
5941.mp4,-1,-1,39.1887
5719.mp4,-1,-1,59.8556
5307.mp4,-1,-1,55.47
2334.mp4,-1,-1,58.179
861.mp4,-1,-1,50.2335
1109.mp4,-1,-1,60.8395
4097.mp4,-1,-1,14.9129
4237.mp4,-1,-1,46.0793
4903.mp4,-1,-1,51.484
3321.mp4,-1,-1,49.1039
3070.mp4,-1,-1,54.7127
6187.mp4,-1,-1,52.9582
1061.mp4,-1,-1,52.2528
2382.mp4,-1,-1,55.6215
2066.mp4,-1,-1,34.5901
4626.mp4,-1,-1,56.7545
3385.mp4,-1,-1,61.8745
1653.mp4,-1,-1,5.0126
2441.mp4,-1,-1,27.8678
5547.mp4,-1,-1,42.3768
3944.mp4,-1,-1,50.1618
1609.mp4,-1,-1,53.9797
1286.mp4,-1,-1,59.9133
5420.mp4,-1,-1,34.7927
6195.mp4,-1,-1,45.871
3918.mp4,-1,-1,47.0842
2472.mp4,-1,-1,46.2596
4583.mp4,-1,-1,43.5824
4455.mp4,-1,-1,59.8566
1530.mp4,-1,-1,37.0051
6021.mp4,-1,-1,54.7827
1331.mp4,-1,-1,51.5708
170.mp4,-1,-1,53.4144
2697.mp4,-1,-1,55.5485
4024.mp4,-1,-1,47.3366
721.mp4,-1,-1,60.1636
3253.mp4,-1,-1,53.6413
4410.mp4,-1,-1,53.9803
108.mp4,-1,-1,48.745
4856.mp4,-1,-1,53.3569
1262.mp4,-1,-1,50.5473
6163.mp4,-1,-1,40.3242
527.mp4,-1,-1,50.9019
1882.mp4,-1,-1,51.7935
3959.mp4,-1,-1,48.8367
6094.mp4,-1,-1,59.7386
1840.mp4,-1,-1,54.7676
5512.mp4,-1,-1,57.3555
539.mp4,-1,-1,36.5822
690.mp4,-1,-1,58.111
2645.mp4,-1,-1,55.0476
6196.mp4,-1,-1,44.0452
1700.mp4,-1,-1,44.6693
3854.mp4,-1,-1,57.2841
3516.mp4,-1,-1,52.2193
4959.mp4,-1,-1,58.0314
1655.mp4,-1,-1,37.3482
5755.mp4,-1,-1,42.6825
6261.mp4,-1,-1,58.9263
3339.mp4,-1,-1,55.0293
5250.mp4,-1,-1,61.1057
4041.mp4,-1,-1,51.4242
2276.mp4,-1,-1,59.8796
5379.mp4,-1,-1,56.0747
2672.mp4,-1,-1,60.3041
5121.mp4,-1,-1,23.3331
5879.mp4,-1,-1,59.4265
2489.mp4,-1,-1,46.3488
2268.mp4,-1,-1,56.026
1338.mp4,-1,-1,64.3365
4445.mp4,-1,-1,55.2316
3660.mp4,-1,-1,44.0711
3441.mp4,-1,-1,52.5899
748.mp4,-1,-1,55.097
6166.mp4,-1,-1,56.6418
403.mp4,-1,-1,41.5405
5010.mp4,-1,-1,70.1002
59.mp4,-1,-1,46.7937
5741.mp4,-1,-1,61.3662
1979.mp4,-1,-1,46.6686
1947.mp4,-1,-1,42.3091
2583.mp4,-1,-1,55.2916
1697.mp4,-1,-1,57.9246
3101.mp4,-1,-1,10.3207
5801.mp4,-1,-1,63.2609
855.mp4,-1,-1,30.2145
1913.mp4,-1,-1,57.8681
1405.mp4,-1,-1,61.0772
3721.mp4,-1,-1,54.003
3815.mp4,-1,-1,38.2119
4947.mp4,-1,-1,57.6151
5254.mp4,-1,-1,41.9078
3137.mp4,-1,-1,49.4994
4623.mp4,-1,-1,54.1698
5760.mp4,-1,-1,62.28
2344.mp4,-1,-1,57.7698
4604.mp4,-1,-1,48.8991
5358.mp4,-1,-1,50.7966
4278.mp4,-1,-1,57.2959
3295.mp4,-1,-1,52.6936
1588.mp4,-1,-1,53.4286
5150.mp4,-1,-1,57.1642
5619.mp4,-1,-1,58.7066
3040.mp4,-1,-1,50.4336
1129.mp4,-1,-1,57.0766
2147.mp4,-1,-1,56.1882
4542.mp4,-1,-1,53.4872
2025.mp4,-1,-1,48.4693
818.mp4,-1,-1,46.0017
4919.mp4,-1,-1,61.1657
1764.mp4,-1,-1,48.6223
903.mp4,-1,-1,48.2728
1903.mp4,-1,-1,47.5417
2310.mp4,-1,-1,50.9095
2347.mp4,-1,-1,49.9848
460.mp4,-1,-1,39.6056
2107.mp4,-1,-1,35.6136
792.mp4,-1,-1,49.6637
2436.mp4,-1,-1,53.1668
423.mp4,-1,-1,59.4354
6254.mp4,-1,-1,59.5511
5907.mp4,-1,-1,63.8207
4810.mp4,-1,-1,61.0075
4298.mp4,-1,-1,65.4982
4780.mp4,-1,-1,57.291
2355.mp4,-1,-1,54.9736
197.mp4,-1,-1,60.8446
3081.mp4,-1,-1,57.9851
2849.mp4,-1,-1,50.0209
1069.mp4,-1,-1,17.7699
2201.mp4,-1,-1,54.0473
5067.mp4,-1,-1,47.4855
3671.mp4,-1,-1,41.2852
5639.mp4,-1,-1,46.8712
4473.mp4,-1,-1,38.4137
1495.mp4,-1,-1,31.5632
1433.mp4,-1,-1,58.2732
6060.mp4,-1,-1,53.5476
631.mp4,-1,-1,63.0558
1654.mp4,-1,-1,45.0037
255.mp4,-1,-1,58.154
3904.mp4,-1,-1,48.8372
6242.mp4,-1,-1,43.6886
77.mp4,-1,-1,51.4634
3789.mp4,-1,-1,46.754
2657.mp4,-1,-1,60.3005
3459.mp4,-1,-1,51.5231
2987.mp4,-1,-1,58.3428
5170.mp4,-1,-1,63.6279
2404.mp4,-1,-1,51.9031
4938.mp4,-1,-1,46.6483
5833.mp4,-1,-1,48.311
983.mp4,-1,-1,56.7271
2459.mp4,-1,-1,49.8799
94.mp4,-1,-1,58.8682
4935.mp4,-1,-1,52.5701
5194.mp4,-1,-1,48.9084
1765.mp4,-1,-1,45.9404
4301.mp4,-1,-1,62.9951
4127.mp4,-1,-1,46.8999
3148.mp4,-1,-1,54.0923
2299.mp4,-1,-1,43.7976
1245.mp4,-1,-1,54.8901
593.mp4,-1,-1,46.8757
619.mp4,-1,-1,54.7492
69.mp4,-1,-1,58.6872
5584.mp4,-1,-1,49.7108
2226.mp4,-1,-1,63.7594
2072.mp4,-1,-1,48.2645
3036.mp4,-1,-1,50.4815
1871.mp4,-1,-1,57.0825
4021.mp4,-1,-1,55.809
4694.mp4,-1,-1,45.5483
113.mp4,-1,-1,37.1823
410.mp4,-1,-1,47.5175
1156.mp4,-1,-1,47.764
5022.mp4,-1,-1,52.9425
2533.mp4,-1,-1,50.5044
4659.mp4,-1,-1,28.6626
639.mp4,-1,-1,46.1522
4654.mp4,-1,-1,62.8431
1004.mp4,-1,-1,55.9602
6100.mp4,-1,-1,53.36
104.mp4,-1,-1,58.7898
1032.mp4,-1,-1,62.3661
109.mp4,-1,-1,66.8428
4573.mp4,-1,-1,53.1254
1424.mp4,-1,-1,57.9421
5285.mp4,-1,-1,32.6565
6151.mp4,-1,-1,51.1297
3311.mp4,-1,-1,54.0991
3365.mp4,-1,-1,53.319
2643.mp4,-1,-1,42.9044
4847.mp4,-1,-1,51.9219
1693.mp4,-1,-1,59.0287
2237.mp4,-1,-1,50.2543
2745.mp4,-1,-1,60.3017
5201.mp4,-1,-1,56.6469
2258.mp4,-1,-1,51.6896
3768.mp4,-1,-1,57.1851
2366.mp4,-1,-1,58.6152
2353.mp4,-1,-1,64.3701
3636.mp4,-1,-1,49.6179
2395.mp4,-1,-1,67.6363
4495.mp4,-1,-1,54.8347
1858.mp4,-1,-1,52.3966
2368.mp4,-1,-1,55.08
2013.mp4,-1,-1,52.3543
2911.mp4,-1,-1,42.2067
1507.mp4,-1,-1,51.1684
5636.mp4,-1,-1,29.6271
5219.mp4,-1,-1,59.9171
2390.mp4,-1,-1,54.999
2934.mp4,-1,-1,56.9891
3074.mp4,-1,-1,47.3605
4800.mp4,-1,-1,54.0473
2104.mp4,-1,-1,46.6
459.mp4,-1,-1,54.244
3039.mp4,-1,-1,48.4956
2916.mp4,-1,-1,41.6807
5824.mp4,-1,-1,59.6328
3863.mp4,-1,-1,60.1823
3184.mp4,-1,-1,56.5496
176.mp4,-1,-1,51.1807
4592.mp4,-1,-1,51.2961
1967.mp4,-1,-1,58.6335
5595.mp4,-1,-1,58.8208
5128.mp4,-1,-1,57.5811
5176.mp4,-1,-1,55.4804
3712.mp4,-1,-1,52.6098
3670.mp4,-1,-1,52.7067
1986.mp4,-1,-1,56.6092
3596.mp4,-1,-1,56.0542
2743.mp4,-1,-1,14.918
1231.mp4,-1,-1,46.6757
4372.mp4,-1,-1,55.3446
5772.mp4,-1,-1,47.3848
1792.mp4,-1,-1,47.6619
1240.mp4,-1,-1,53.2843
1749.mp4,-1,-1,60.5146
935.mp4,-1,-1,38.2136
5375.mp4,-1,-1,40.1437
1360.mp4,-1,-1,49.1555
4918.mp4,-1,-1,56.1959
2802.mp4,-1,-1,56.2764
1618.mp4,-1,-1,48.3287
3984.mp4,-1,-1,57.4312
1678.mp4,-1,-1,48.3475
1719.mp4,-1,-1,50.8216
319.mp4,-1,-1,52.4867
1426.mp4,-1,-1,20.5208
4149.mp4,-1,-1,54.5194
2080.mp4,-1,-1,51.0973
4136.mp4,-1,-1,55.9953
1574.mp4,-1,-1,64.2081
89.mp4,-1,-1,53.6887
1704.mp4,-1,-1,55.1379
332.mp4,-1,-1,48.0016
2406.mp4,-1,-1,58.3928
4122.mp4,-1,-1,50.5589
4348.mp4,-1,-1,45.914
2756.mp4,-1,-1,56.6336
1906.mp4,-1,-1,36.7161
4904.mp4,-1,-1,59.4439
3842.mp4,-1,-1,53.9532
300.mp4,-1,-1,40.9087
5501.mp4,-1,-1,57.1411
2724.mp4,-1,-1,42.7564
5694.mp4,-1,-1,60.9558
2598.mp4,-1,-1,51.2889
5925.mp4,-1,-1,51.0668
4984.mp4,-1,-1,52.0912
4059.mp4,-1,-1,54.7613
2855.mp4,-1,-1,52.7966
2608.mp4,-1,-1,60.9019
3604.mp4,-1,-1,62.3521
118.mp4,-1,-1,11.0172
560.mp4,-1,-1,49.8936
5600.mp4,-1,-1,56.3413
2761.mp4,-1,-1,45.6195
3992.mp4,-1,-1,53.4826
1238.mp4,-1,-1,44.1825
1482.mp4,-1,-1,61.8038
3778.mp4,-1,-1,18.7122
3557.mp4,-1,-1,25.1033
4252.mp4,-1,-1,55.2487
1120.mp4,-1,-1,63.6135
1517.mp4,-1,-1,59.2379
6154.mp4,-1,-1,43.1574
1647.mp4,-1,-1,42.06
4897.mp4,-1,-1,57.8619
4917.mp4,-1,-1,53.9807
5957.mp4,-1,-1,55.6858
5887.mp4,-1,-1,44.4599
5942.mp4,-1,-1,16.0477
1771.mp4,-1,-1,36.2875
5871.mp4,-1,-1,57.8752
5290.mp4,-1,-1,63.6939
3116.mp4,-1,-1,61.873
4066.mp4,-1,-1,56.8416
810.mp4,-1,-1,51.5611
3915.mp4,-1,-1,48.0129
3096.mp4,-1,-1,49.739
4745.mp4,-1,-1,63.8021
4632.mp4,-1,-1,48.9873
5912.mp4,-1,-1,53.5112
3782.mp4,-1,-1,63.5825
1930.mp4,-1,-1,59.1
4304.mp4,-1,-1,58.8049
1427.mp4,-1,-1,55.0484
5381.mp4,-1,-1,52.9268
4730.mp4,-1,-1,52.0108
5861.mp4,-1,-1,55.082
413.mp4,-1,-1,53.4645
3732.mp4,-1,-1,55.2365
3094.mp4,-1,-1,56.617
4564.mp4,-1,-1,46.1393
4790.mp4,-1,-1,50.5346
2073.mp4,-1,-1,40.5057
2247.mp4,-1,-1,44.4375
2030.mp4,-1,-1,56.7919
3063.mp4,-1,-1,49.4234
817.mp4,-1,-1,35.2061
44.mp4,-1,-1,49.9907
1104.mp4,-1,-1,53.0904
4721.mp4,-1,-1,40.733
958.mp4,-1,-1,45.2167
5859.mp4,-1,-1,57.172
6201.mp4,-1,-1,40.7841
4498.mp4,-1,-1,54.1151
2362.mp4,-1,-1,53.9183
3529.mp4,-1,-1,60.3539
134.mp4,-1,-1,65.8629
5854.mp4,-1,-1,53.7268
4317.mp4,-1,-1,46.7198
235.mp4,-1,-1,57.4724
2028.mp4,-1,-1,37.4785
3884.mp4,-1,-1,25.8807
1519.mp4,-1,-1,53.0123
6215.mp4,-1,-1,68.7978
6241.mp4,-1,-1,31.0475
3509.mp4,-1,-1,45.1653
6192.mp4,-1,-1,31.8286
1474.mp4,-1,-1,47.2296
1581.mp4,-1,-1,56.9366
2876.mp4,-1,-1,54.9442
5884.mp4,-1,-1,50.0155
2372.mp4,-1,-1,57.5422
1680.mp4,-1,-1,58.5829
6084.mp4,-1,-1,46.8326
782.mp4,-1,-1,41.2337
5238.mp4,-1,-1,52.2686
2181.mp4,-1,-1,52.6992
4355.mp4,-1,-1,59.6019
3928.mp4,-1,-1,53.6324
4886.mp4,-1,-1,53.4607
5806.mp4,-1,-1,52.2146
283.mp4,-1,-1,46.3312
826.mp4,-1,-1,43.6347
6050.mp4,-1,-1,43.8535
3792.mp4,-1,-1,54.6061
2646.mp4,-1,-1,22.097
2685.mp4,-1,-1,56.0993
1088.mp4,-1,-1,30.351
1185.mp4,-1,-1,60.9234
455.mp4,-1,-1,56.2032
2318.mp4,-1,-1,61.2157
2023.mp4,-1,-1,42.7242
3949.mp4,-1,-1,65.5467
1822.mp4,-1,-1,44.3461
1705.mp4,-1,-1,-2.24715
3106.mp4,-1,-1,53.8855
5043.mp4,-1,-1,50.8461
3891.mp4,-1,-1,51.1585
4794.mp4,-1,-1,39.0301
2581.mp4,-1,-1,45.8313
448.mp4,-1,-1,50.7087
2430.mp4,-1,-1,66.1442
5424.mp4,-1,-1,39.1855
4555.mp4,-1,-1,34.3804
2899.mp4,-1,-1,57.8347
6112.mp4,-1,-1,54.3667
1571.mp4,-1,-1,23.8093
3153.mp4,-1,-1,41.9814
5030.mp4,-1,-1,55.0622
3583.mp4,-1,-1,55.9229
4018.mp4,-1,-1,48.2618
6260.mp4,-1,-1,40.5129
5366.mp4,-1,-1,63.3221
3974.mp4,-1,-1,43.6343
6033.mp4,-1,-1,35.3781
2962.mp4,-1,-1,62.8883
651.mp4,-1,-1,28.188
5730.mp4,-1,-1,40.2938
4079.mp4,-1,-1,54.1929
2223.mp4,-1,-1,55.6565
4840.mp4,-1,-1,54.6779
4299.mp4,-1,-1,49.672
5653.mp4,-1,-1,51.9557
1774.mp4,-1,-1,61.0262
2709.mp4,-1,-1,52.5535
4601.mp4,-1,-1,47.8644
2009.mp4,-1,-1,50.9271
1689.mp4,-1,-1,27.3083
6142.mp4,-1,-1,51.2561
4524.mp4,-1,-1,39.487
3726.mp4,-1,-1,54.7404
834.mp4,-1,-1,46.819
3840.mp4,-1,-1,46.6549
206.mp4,-1,-1,64.7134
5787.mp4,-1,-1,52.7512
4146.mp4,-1,-1,52.0321
4614.mp4,-1,-1,49.8246
2442.mp4,-1,-1,63.779
127.mp4,-1,-1,55.6156
1532.mp4,-1,-1,61.4158
4015.mp4,-1,-1,58.5092
2914.mp4,-1,-1,50.543
1966.mp4,-1,-1,55.9817
4752.mp4,-1,-1,32.076
1622.mp4,-1,-1,63.3303
4276.mp4,-1,-1,56.0173
1860.mp4,-1,-1,53.6206
4889.mp4,-1,-1,37.7293
5115.mp4,-1,-1,37.9872
4860.mp4,-1,-1,49.1813
3905.mp4,-1,-1,58.6777
1005.mp4,-1,-1,50.0907
5213.mp4,-1,-1,55.121
1805.mp4,-1,-1,52.5998
1924.mp4,-1,-1,30.7959
5664.mp4,-1,-1,52.6007
5206.mp4,-1,-1,43.2633
5852.mp4,-1,-1,48.4914
3847.mp4,-1,-1,55.5536
3209.mp4,-1,-1,56.9373
2513.mp4,-1,-1,65.4878
5405.mp4,-1,-1,58.3931
769.mp4,-1,-1,54.901
4875.mp4,-1,-1,57.0016
5282.mp4,-1,-1,65.716
1257.mp4,-1,-1,52.8666
6077.mp4,-1,-1,64.4998
6155.mp4,-1,-1,54.8469
2564.mp4,-1,-1,33.8532
5348.mp4,-1,-1,59.8069
5630.mp4,-1,-1,33.8706
4397.mp4,-1,-1,48.3033
241.mp4,-1,-1,61.1073
2153.mp4,-1,-1,53.8729
5540.mp4,-1,-1,51.2911
1030.mp4,-1,-1,42.6403
5406.mp4,-1,-1,43.2361
4787.mp4,-1,-1,48.6261
890.mp4,-1,-1,55.1401
2112.mp4,-1,-1,48.6181
886.mp4,-1,-1,46.6244
5770.mp4,-1,-1,50.4666
1638.mp4,-1,-1,59.2931
2975.mp4,-1,-1,64.5665
3449.mp4,-1,-1,14.204
4052.mp4,-1,-1,66.0531
6159.mp4,-1,-1,51.0943
4986.mp4,-1,-1,61.3629
541.mp4,-1,-1,59.4034
738.mp4,-1,-1,51.9214
987.mp4,-1,-1,51.7699
27.mp4,-1,-1,55.7011
1095.mp4,-1,-1,54.6881
4695.mp4,-1,-1,57.6384
3357.mp4,-1,-1,32.5547
3149.mp4,-1,-1,53.467
6070.mp4,-1,-1,61.3406
100.mp4,-1,-1,48.3081
5442.mp4,-1,-1,59.6598
3248.mp4,-1,-1,58.9223
5495.mp4,-1,-1,58.5271
6161.mp4,-1,-1,58.1179
5144.mp4,-1,-1,56.3088
5751.mp4,-1,-1,53.9342
712.mp4,-1,-1,58.1715
4611.mp4,-1,-1,54.1678
4685.mp4,-1,-1,51.5561
4608.mp4,-1,-1,51.6525
256.mp4,-1,-1,39.681
1811.mp4,-1,-1,57.4289
2799.mp4,-1,-1,45.8506
2134.mp4,-1,-1,68.0878
929.mp4,-1,-1,51.7192
1491.mp4,-1,-1,58.047
2200.mp4,-1,-1,64.279
4037.mp4,-1,-1,53.1944
800.mp4,-1,-1,59.8202
5850.mp4,-1,-1,62.5842
149.mp4,-1,-1,40.7069
4924.mp4,-1,-1,48.9816
2751.mp4,-1,-1,53.9077
1734.mp4,-1,-1,46.2509
5577.mp4,-1,-1,60.7718
3629.mp4,-1,-1,34.6607
794.mp4,-1,-1,52.2074
591.mp4,-1,-1,51.5478
5060.mp4,-1,-1,53.8825
6122.mp4,-1,-1,42.8928
2692.mp4,-1,-1,59.0364
2875.mp4,-1,-1,54.0879
946.mp4,-1,-1,54.9144
2711.mp4,-1,-1,59.51
5784.mp4,-1,-1,62.9063
1048.mp4,-1,-1,55.8035
371.mp4,-1,-1,57.1209
3200.mp4,-1,-1,50.8496
2319.mp4,-1,-1,50.6134
4032.mp4,-1,-1,43.795
3600.mp4,-1,-1,49.8868
1908.mp4,-1,-1,54.1891
663.mp4,-1,-1,60.4542
936.mp4,-1,-1,28.4086
5992.mp4,-1,-1,5.36753
3713.mp4,-1,-1,53.0389
150.mp4,-1,-1,45.3543
1431.mp4,-1,-1,50.4377
5151.mp4,-1,-1,22.3898
599.mp4,-1,-1,51.2521
1633.mp4,-1,-1,29.6355
2928.mp4,-1,-1,56.4629
4219.mp4,-1,-1,34.83
2565.mp4,-1,-1,57.1733
2419.mp4,-1,-1,57.4387
311.mp4,-1,-1,38.8456
5080.mp4,-1,-1,43.4325
4537.mp4,-1,-1,51.2862
5005.mp4,-1,-1,51.8365
4983.mp4,-1,-1,54.535
1049.mp4,-1,-1,57.2124
4525.mp4,-1,-1,52.0664
3270.mp4,-1,-1,43.7013
5796.mp4,-1,-1,45.148
1650.mp4,-1,-1,48.8662
2384.mp4,-1,-1,52.8548
4707.mp4,-1,-1,55.648
5527.mp4,-1,-1,63.6325
1115.mp4,-1,-1,48.0688
4831.mp4,-1,-1,48.3355
4946.mp4,-1,-1,54.6446
2555.mp4,-1,-1,55.9707
2913.mp4,-1,-1,39.048
2383.mp4,-1,-1,53.6781
4461.mp4,-1,-1,42.8071
3460.mp4,-1,-1,41.1911
1547.mp4,-1,-1,41.8608
2170.mp4,-1,-1,53.6983
1311.mp4,-1,-1,57.2966
4417.mp4,-1,-1,50.5727
4841.mp4,-1,-1,56.2138
4430.mp4,-1,-1,49.7676
3806.mp4,-1,-1,51.8625
2043.mp4,-1,-1,52.4044
1456.mp4,-1,-1,34.4323
2122.mp4,-1,-1,36.6789
5762.mp4,-1,-1,50.4774
3843.mp4,-1,-1,45.9789
6086.mp4,-1,-1,52.0583
5810.mp4,-1,-1,24.7076
3313.mp4,-1,-1,52.6921
2717.mp4,-1,-1,51.1328
624.mp4,-1,-1,40.7944
395.mp4,-1,-1,46.0845
4275.mp4,-1,-1,64.1396
6115.mp4,-1,-1,45.7789
3492.mp4,-1,-1,45.8985
4971.mp4,-1,-1,42.3754
6198.mp4,-1,-1,52.0485
4823.mp4,-1,-1,48.2092
6042.mp4,-1,-1,24.6541
3651.mp4,-1,-1,56.1705
4774.mp4,-1,-1,56.924
4270.mp4,-1,-1,55.9126
3353.mp4,-1,-1,42.957
1437.mp4,-1,-1,48.43
2292.mp4,-1,-1,48.2411
1489.mp4,-1,-1,39.0979
2887.mp4,-1,-1,50.438
3513.mp4,-1,-1,35.6677
5391.mp4,-1,-1,43.9059
3975.mp4,-1,-1,53.5425
1274.mp4,-1,-1,53.0511
664.mp4,-1,-1,45.7304
5615.mp4,-1,-1,11.0227
4086.mp4,-1,-1,48.5335
3290.mp4,-1,-1,64.8764
5855.mp4,-1,-1,64.872
3197.mp4,-1,-1,57.9349
2487.mp4,-1,-1,51.4681
6214.mp4,-1,-1,37.3581
2437.mp4,-1,-1,59.485
10.mp4,-1,-1,52.9346
2595.mp4,-1,-1,58.2149
5905.mp4,-1,-1,61.8802
2508.mp4,-1,-1,59.2197
5468.mp4,-1,-1,63.289
2397.mp4,-1,-1,62.6188
5438.mp4,-1,-1,41.5742
5932.mp4,-1,-1,45.2793
3275.mp4,-1,-1,42.51
5315.mp4,-1,-1,65.5861
5589.mp4,-1,-1,46.4236
3598.mp4,-1,-1,55.6859
5723.mp4,-1,-1,51.1709
5129.mp4,-1,-1,41.2029
3196.mp4,-1,-1,56.4555
2118.mp4,-1,-1,52.5221
4839.mp4,-1,-1,46.3778
3883.mp4,-1,-1,44.5075
909.mp4,-1,-1,59.2569
6240.mp4,-1,-1,60.7297
5571.mp4,-1,-1,66.3131
3692.mp4,-1,-1,57.1047
3936.mp4,-1,-1,29.7457
3349.mp4,-1,-1,48.4418
2204.mp4,-1,-1,47.9646
1387.mp4,-1,-1,57.365
6204.mp4,-1,-1,58.7824
4204.mp4,-1,-1,63.3081
4805.mp4,-1,-1,53.2201
2149.mp4,-1,-1,51.7187
902.mp4,-1,-1,60.5778
622.mp4,-1,-1,50.6989
1064.mp4,-1,-1,55.2112
1778.mp4,-1,-1,54.237
2525.mp4,-1,-1,27.2591
365.mp4,-1,-1,44.8854
4931.mp4,-1,-1,48.8844
2902.mp4,-1,-1,57.8255
4398.mp4,-1,-1,64.8894
2272.mp4,-1,-1,55.3249
5541.mp4,-1,-1,58.3141
4107.mp4,-1,-1,54.848
5886.mp4,-1,-1,49.023
2529.mp4,-1,-1,62.8481
597.mp4,-1,-1,45.9597
4354.mp4,-1,-1,42.5683
4788.mp4,-1,-1,52.1357
4071.mp4,-1,-1,41.657
922.mp4,-1,-1,40.1501
3699.mp4,-1,-1,57.5178
3128.mp4,-1,-1,50.5986
5588.mp4,-1,-1,52.4852
626.mp4,-1,-1,1.48012
858.mp4,-1,-1,59.877
3215.mp4,-1,-1,50.0914
3652.mp4,-1,-1,59.5747
4155.mp4,-1,-1,65.9485
4565.mp4,-1,-1,57.1681
4251.mp4,-1,-1,51.5893
1294.mp4,-1,-1,56.9971
4532.mp4,-1,-1,56.0733
4907.mp4,-1,-1,41.9348
1070.mp4,-1,-1,48.482
5361.mp4,-1,-1,61.495
1080.mp4,-1,-1,49.5997
5752.mp4,-1,-1,58.1007
2597.mp4,-1,-1,57.8112
1149.mp4,-1,-1,47.7018
1415.mp4,-1,-1,40.0685
944.mp4,-1,-1,48.3508
2433.mp4,-1,-1,47.689
3880.mp4,-1,-1,59.482
5140.mp4,-1,-1,46.6986
3764.mp4,-1,-1,58.0591
3886.mp4,-1,-1,66.5134
4222.mp4,-1,-1,56.379
4084.mp4,-1,-1,48.8901
4861.mp4,-1,-1,53.5032
3451.mp4,-1,-1,62.1832
2220.mp4,-1,-1,52.9921
2379.mp4,-1,-1,67.729
4019.mp4,-1,-1,49.6369
3180.mp4,-1,-1,30.4503
1575.mp4,-1,-1,56.5688
5332.mp4,-1,-1,45.1436
1035.mp4,-1,-1,54.102
4753.mp4,-1,-1,56.9033
3773.mp4,-1,-1,41.4427
3243.mp4,-1,-1,52.0344
1045.mp4,-1,-1,55.7335
3758.mp4,-1,-1,50.3748
659.mp4,-1,-1,61.6272
2095.mp4,-1,-1,49.6956
2912.mp4,-1,-1,61.7198
35.mp4,-1,-1,46.458
1174.mp4,-1,-1,38.5269
6123.mp4,-1,-1,56.0509
4048.mp4,-1,-1,43.3811
5486.mp4,-1,-1,24.1257
2985.mp4,-1,-1,49.3277
2165.mp4,-1,-1,49.4084
2034.mp4,-1,-1,39.6947
61.mp4,-1,-1,59.5888
3041.mp4,-1,-1,54.7736
41.mp4,-1,-1,22.593
288.mp4,-1,-1,60.9661
5550.mp4,-1,-1,43.2884
2185.mp4,-1,-1,47.0659
3078.mp4,-1,-1,48.1418
1645.mp4,-1,-1,53.3183
111.mp4,-1,-1,52.4688
1721.mp4,-1,-1,55.3804
5507.mp4,-1,-1,34.1331
4108.mp4,-1,-1,64.2003
900.mp4,-1,-1,24.7791
2199.mp4,-1,-1,52.7372
1254.mp4,-1,-1,50.5682
4349.mp4,-1,-1,42.9633
1358.mp4,-1,-1,58.2718
656.mp4,-1,-1,62.7933
3744.mp4,-1,-1,56.4792
3965.mp4,-1,-1,43.3214
872.mp4,-1,-1,62.3198
5485.mp4,-1,-1,29.345
2854.mp4,-1,-1,44.6383
1635.mp4,-1,-1,51.3016
5184.mp4,-1,-1,39.6366
1167.mp4,-1,-1,27.3563
3585.mp4,-1,-1,36.884
5522.mp4,-1,-1,48.9601
3208.mp4,-1,-1,62.2897
5944.mp4,-1,-1,28.123
3725.mp4,-1,-1,57.4134
6064.mp4,-1,-1,56.0229
3404.mp4,-1,-1,51.8845
2789.mp4,-1,-1,55.2347
4129.mp4,-1,-1,68.0863
1613.mp4,-1,-1,52.9509
1585.mp4,-1,-1,64.7323
6036.mp4,-1,-1,34.7615
4879.mp4,-1,-1,39.7094
4293.mp4,-1,-1,51.7888
5904.mp4,-1,-1,30.4467
5973.mp4,-1,-1,52.8945
4080.mp4,-1,-1,44.2608
405.mp4,-1,-1,40.9547
648.mp4,-1,-1,50.5399
640.mp4,-1,-1,47.1477
2253.mp4,-1,-1,51.978
3521.mp4,-1,-1,58.8761
799.mp4,-1,-1,52.5427
3656.mp4,-1,-1,51.1159
5276.mp4,-1,-1,61.4286
482.mp4,-1,-1,49.0457
2784.mp4,-1,-1,49.2386
2901.mp4,-1,-1,56.227
5856.mp4,-1,-1,46.4424
2536.mp4,-1,-1,59.3721
4413.mp4,-1,-1,47.1189
1357.mp4,-1,-1,50.3345
1742.mp4,-1,-1,64.154
3608.mp4,-1,-1,62.4046
1396.mp4,-1,-1,53.4735
1108.mp4,-1,-1,59.4589
575.mp4,-1,-1,44.1574
4691.mp4,-1,-1,47.4072
3857.mp4,-1,-1,43.1749
1317.mp4,-1,-1,41.5894
5737.mp4,-1,-1,16.1666
3461.mp4,-1,-1,20.104
5518.mp4,-1,-1,63.9424
328.mp4,-1,-1,43.2431
910.mp4,-1,-1,52.5297
1909.mp4,-1,-1,60.4598
5673.mp4,-1,-1,33.6211
5783.mp4,-1,-1,61.5574
644.mp4,-1,-1,57.4375
264.mp4,-1,-1,43.7659
5802.mp4,-1,-1,58.3524
1251.mp4,-1,-1,66.7425
1873.mp4,-1,-1,57.4456
2337.mp4,-1,-1,47.5416
1175.mp4,-1,-1,41.071
3569.mp4,-1,-1,43.395
2300.mp4,-1,-1,61.1752
3082.mp4,-1,-1,24.0801
5844.mp4,-1,-1,65.6924
4830.mp4,-1,-1,60.882
912.mp4,-1,-1,42.8421
3941.mp4,-1,-1,48.6193
2313.mp4,-1,-1,55.8113
500.mp4,-1,-1,65.1432
5445.mp4,-1,-1,45.0301
5662.mp4,-1,-1,48.2648
3291.mp4,-1,-1,59.798
3952.mp4,-1,-1,37.6885
3112.mp4,-1,-1,59.417
2275.mp4,-1,-1,52.3136
3895.mp4,-1,-1,50.7043
1814.mp4,-1,-1,40.4649
2385.mp4,-1,-1,57.8155
1469.mp4,-1,-1,53.8259
1516.mp4,-1,-1,53.0611
1866.mp4,-1,-1,40.1427
1283.mp4,-1,-1,61.1727
266.mp4,-1,-1,63.7874
5727.mp4,-1,-1,55.1724
1741.mp4,-1,-1,46.1867
5726.mp4,-1,-1,54.4993
3413.mp4,-1,-1,51.8027
5334.mp4,-1,-1,46.7123
5536.mp4,-1,-1,61.6783
5764.mp4,-1,-1,38.0284
5435.mp4,-1,-1,66.0067
1954.mp4,-1,-1,55.5528
5172.mp4,-1,-1,51.6136
2805.mp4,-1,-1,61.2927
5746.mp4,-1,-1,41.4736
2686.mp4,-1,-1,61.5227
5331.mp4,-1,-1,61.4761
5710.mp4,-1,-1,50.659
2627.mp4,-1,-1,11.4668
3430.mp4,-1,-1,62.684
743.mp4,-1,-1,58.0256
23.mp4,-1,-1,52.1036
6148.mp4,-1,-1,53.571
2925.mp4,-1,-1,60.9067
396.mp4,-1,-1,43.3982
5253.mp4,-1,-1,43.7452
139.mp4,-1,-1,55.8704
1002.mp4,-1,-1,60.3562
4160.mp4,-1,-1,59.8949
4766.mp4,-1,-1,59.0074
4347.mp4,-1,-1,51.0667
5848.mp4,-1,-1,43.4147
962.mp4,-1,-1,64.2836
4836.mp4,-1,-1,45.6644
665.mp4,-1,-1,34.5161
3786.mp4,-1,-1,41.1196
130.mp4,-1,-1,51.7874
611.mp4,-1,-1,39.6307
3544.mp4,-1,-1,49.1079
2061.mp4,-1,-1,57.5439
1134.mp4,-1,-1,50.3134
2162.mp4,-1,-1,67.5395
1935.mp4,-1,-1,49.0511
2980.mp4,-1,-1,55.7077
759.mp4,-1,-1,50.2869
3347.mp4,-1,-1,53.9125
5493.mp4,-1,-1,45.794
504.mp4,-1,-1,54.464
5373.mp4,-1,-1,44.3683
953.mp4,-1,-1,45.7936
608.mp4,-1,-1,51.1421
5259.mp4,-1,-1,54.5336
956.mp4,-1,-1,57.0566
2532.mp4,-1,-1,64.9543
3326.mp4,-1,-1,55.904
2103.mp4,-1,-1,40.3929
386.mp4,-1,-1,38.4533
3655.mp4,-1,-1,58.2067
2729.mp4,-1,-1,50.0955
2848.mp4,-1,-1,45.7665
71.mp4,-1,-1,55.8785
4164.mp4,-1,-1,47.3222
2179.mp4,-1,-1,56.9928
4131.mp4,-1,-1,47.9574
4658.mp4,-1,-1,57.9095
6026.mp4,-1,-1,62.0008
5031.mp4,-1,-1,55.403
5990.mp4,-1,-1,52.3543
4703.mp4,-1,-1,53.6208
3877.mp4,-1,-1,50.0273
2897.mp4,-1,-1,52.7564
3257.mp4,-1,-1,47.9112
4090.mp4,-1,-1,58.0318
2668.mp4,-1,-1,34.5502
3331.mp4,-1,-1,48.563
4815.mp4,-1,-1,51.7591
5416.mp4,-1,-1,43.7678
2765.mp4,-1,-1,60.8724
2558.mp4,-1,-1,57.2375
4994.mp4,-1,-1,58.5227
5235.mp4,-1,-1,59.8131
1722.mp4,-1,-1,52.7511
4178.mp4,-1,-1,52.1068
5403.mp4,-1,-1,58.3886
1087.mp4,-1,-1,57.8249
6179.mp4,-1,-1,34.7825
36.mp4,-1,-1,63.3517
4648.mp4,-1,-1,47.6314
1550.mp4,-1,-1,48.5052
3818.mp4,-1,-1,56.4303
6267.mp4,-1,-1,46.4118
1003.mp4,-1,-1,31.8318
4169.mp4,-1,-1,52.8639
244.mp4,-1,-1,48.9718
1117.mp4,-1,-1,32.9814
5708.mp4,-1,-1,23.7332
6238.mp4,-1,-1,66.8158
1839.mp4,-1,-1,67.4555
4893.mp4,-1,-1,46.7848
187.mp4,-1,-1,55.1575
115.mp4,-1,-1,33.5339
5258.mp4,-1,-1,64.239
4616.mp4,-1,-1,53.6918
428.mp4,-1,-1,43.2113
2420.mp4,-1,-1,60.8253
2486.mp4,-1,-1,54.7647
485.mp4,-1,-1,55.4826
1546.mp4,-1,-1,52.9982
3890.mp4,-1,-1,50.8674
5323.mp4,-1,-1,26.8668
5483.mp4,-1,-1,66.4614
3628.mp4,-1,-1,57.1572
3397.mp4,-1,-1,46.0332
3627.mp4,-1,-1,61.8431
5220.mp4,-1,-1,56.1105
5058.mp4,-1,-1,50.047
1893.mp4,-1,-1,37.5523
4662.mp4,-1,-1,50.9618
1529.mp4,-1,-1,59.1622
6189.mp4,-1,-1,47.6563
3900.mp4,-1,-1,53.8913
1657.mp4,-1,-1,56.4003
2600.mp4,-1,-1,58.4
2712.mp4,-1,-1,56.4868
5917.mp4,-1,-1,31.4684
4479.mp4,-1,-1,59.9314
1082.mp4,-1,-1,56.9313
1660.mp4,-1,-1,39.1552
5196.mp4,-1,-1,56.9582
2244.mp4,-1,-1,52.9345
2491.mp4,-1,-1,49.4977
2119.mp4,-1,-1,53.3107
52.mp4,-1,-1,56.4716
5159.mp4,-1,-1,45.0726
181.mp4,-1,-1,40.7422
2633.mp4,-1,-1,46.6649
3899.mp4,-1,-1,61.3363
72.mp4,-1,-1,50.6217
2920.mp4,-1,-1,58.9343
493.mp4,-1,-1,53.1349
102.mp4,-1,-1,60.926
4359.mp4,-1,-1,65.0614
5895.mp4,-1,-1,55.1434
4250.mp4,-1,-1,54.1341
1316.mp4,-1,-1,29.348
1890.mp4,-1,-1,34.1956
1773.mp4,-1,-1,39.5944
1086.mp4,-1,-1,53.1811
1900.mp4,-1,-1,56.6277
4625.mp4,-1,-1,54.0274
4297.mp4,-1,-1,50.1275
340.mp4,-1,-1,44.7005
2858.mp4,-1,-1,51.5559
394.mp4,-1,-1,58.5534
1584.mp4,-1,-1,54.6413
4786.mp4,-1,-1,46.8106
1159.mp4,-1,-1,60.824
5410.mp4,-1,-1,42.4609
4950.mp4,-1,-1,51.7739
4497.mp4,-1,-1,52.628
436.mp4,-1,-1,58.4485
523.mp4,-1,-1,40.5035
3323.mp4,-1,-1,50.0032
5528.mp4,-1,-1,53.6374
2461.mp4,-1,-1,59.2923
4844.mp4,-1,-1,56.5657
1944.mp4,-1,-1,49.9713
4.mp4,-1,-1,64.538
854.mp4,-1,-1,36.1103
4747.mp4,-1,-1,42.1437
1112.mp4,-1,-1,64.7861
3796.mp4,-1,-1,50.6529
1606.mp4,-1,-1,59.4465
1492.mp4,-1,-1,63.5798
4576.mp4,-1,-1,54.3554
563.mp4,-1,-1,43.1209
5324.mp4,-1,-1,63.1795
135.mp4,-1,-1,42.3086
5572.mp4,-1,-1,55.9588
5813.mp4,-1,-1,60.7054
5470.mp4,-1,-1,52.7814
2540.mp4,-1,-1,43.072
2952.mp4,-1,-1,62.6476
3065.mp4,-1,-1,53.8371
2343.mp4,-1,-1,54.715
6022.mp4,-1,-1,51.4096
1961.mp4,-1,-1,51.28
2117.mp4,-1,-1,49.6904
6018.mp4,-1,-1,31.2162
2607.mp4,-1,-1,39.4028
4323.mp4,-1,-1,37.427
363.mp4,-1,-1,45.6001
949.mp4,-1,-1,39.8859
5873.mp4,-1,-1,43.6793
5934.mp4,-1,-1,60.5116
4531.mp4,-1,-1,53.0078
1642.mp4,-1,-1,58.4241
646.mp4,-1,-1,56.2283
1103.mp4,-1,-1,56.7686
1434.mp4,-1,-1,55.8176
5591.mp4,-1,-1,30.0774
3370.mp4,-1,-1,50.6478
5036.mp4,-1,-1,53.9893
2698.mp4,-1,-1,20.2521
6231.mp4,-1,-1,52.3103
5669.mp4,-1,-1,22.8082
2786.mp4,-1,-1,56.0945
2923.mp4,-1,-1,39.9262
5402.mp4,-1,-1,63.4009
6056.mp4,-1,-1,51.5761
587.mp4,-1,-1,21.0661
3425.mp4,-1,-1,47.4361
3151.mp4,-1,-1,13.7227
24.mp4,-1,-1,38.439
3570.mp4,-1,-1,62.2764
4186.mp4,-1,-1,49.072
5809.mp4,-1,-1,57.2678
420.mp4,-1,-1,47.3296
2218.mp4,-1,-1,62.234
3781.mp4,-1,-1,31.6326
357.mp4,-1,-1,50.0364
2982.mp4,-1,-1,47.2754
5179.mp4,-1,-1,46.7498
2208.mp4,-1,-1,57.4192
729.mp4,-1,-1,64.3873
537.mp4,-1,-1,62.4062
1806.mp4,-1,-1,59.9242
2510.mp4,-1,-1,61.9771
3989.mp4,-1,-1,55.0102
2704.mp4,-1,-1,45.8136
892.mp4,-1,-1,42.0339
3346.mp4,-1,-1,41.1937
5217.mp4,-1,-1,49.0828
1706.mp4,-1,-1,58.2516
4960.mp4,-1,-1,53.5929
336.mp4,-1,-1,50.5375
3157.mp4,-1,-1,50.2995
3400.mp4,-1,-1,55.9306
3785.mp4,-1,-1,69.9626
4407.mp4,-1,-1,43.2551
3695.mp4,-1,-1,60.1902
1008.mp4,-1,-1,31.0159
4872.mp4,-1,-1,30.4408
3703.mp4,-1,-1,51.5771
4758.mp4,-1,-1,34.6491
3029.mp4,-1,-1,46.8061
776.mp4,-1,-1,57.4423
2983.mp4,-1,-1,53.31
5574.mp4,-1,-1,63.8614
3624.mp4,-1,-1,63.4703
1877.mp4,-1,-1,61.3862
167.mp4,-1,-1,57.4219
2063.mp4,-1,-1,65.6751
4653.mp4,-1,-1,57.2537
1429.mp4,-1,-1,39.1037
5145.mp4,-1,-1,36.8732
752.mp4,-1,-1,52.0304
2885.mp4,-1,-1,57.1936
2999.mp4,-1,-1,53.7451
2444.mp4,-1,-1,57.2308
5130.mp4,-1,-1,53.0558
5050.mp4,-1,-1,56.7805
6174.mp4,-1,-1,52.1177
2937.mp4,-1,-1,56.8851
2111.mp4,-1,-1,46.4638
3057.mp4,-1,-1,50.2102
3621.mp4,-1,-1,42.4266
3158.mp4,-1,-1,57.4994
57.mp4,-1,-1,59.2425
4834.mp4,-1,-1,52.5202
3431.mp4,-1,-1,51.229
4477.mp4,-1,-1,45.0225
4771.mp4,-1,-1,50.7174
5049.mp4,-1,-1,33.088
805.mp4,-1,-1,44.1237
2947.mp4,-1,-1,33.3581
5622.mp4,-1,-1,41.3432
2141.mp4,-1,-1,52.2285
3525.mp4,-1,-1,60.3612
5853.mp4,-1,-1,59.8158
5805.mp4,-1,-1,60.6463
2496.mp4,-1,-1,41.1376
4628.mp4,-1,-1,47.6628
5736.mp4,-1,-1,60.3879
4357.mp4,-1,-1,54.0692
1586.mp4,-1,-1,54.3971
3061.mp4,-1,-1,55.2115
2022.mp4,-1,-1,59.7456
3223.mp4,-1,-1,48.3541
114.mp4,-1,-1,43.0398
5283.mp4,-1,-1,56.5564
1746.mp4,-1,-1,49.9714
3319.mp4,-1,-1,56.0955
4664.mp4,-1,-1,44.9224
2693.mp4,-1,-1,50.1725
4503.mp4,-1,-1,46.8222
1098.mp4,-1,-1,65.4032
3844.mp4,-1,-1,43.161
4577.mp4,-1,-1,52.1911
324.mp4,-1,-1,61.1152
5798.mp4,-1,-1,58.722
1513.mp4,-1,-1,58.5549
263.mp4,-1,-1,55.9719
1374.mp4,-1,-1,50.1357
1033.mp4,-1,-1,54.8429
4130.mp4,-1,-1,53.2064
5658.mp4,-1,-1,52.8266
2863.mp4,-1,-1,61.6945
928.mp4,-1,-1,57.2442
3482.mp4,-1,-1,51.5277
2477.mp4,-1,-1,50.256
6156.mp4,-1,-1,62.6563
1522.mp4,-1,-1,48.4376
5597.mp4,-1,-1,61.7144
2074.mp4,-1,-1,61.2483
4335.mp4,-1,-1,47.8292
2609.mp4,-1,-1,55.8288
5754.mp4,-1,-1,56.8006
869.mp4,-1,-1,49.8223
618.mp4,-1,-1,48.9292
4361.mp4,-1,-1,53.289
4807.mp4,-1,-1,60.7381
5035.mp4,-1,-1,51.6244
5245.mp4,-1,-1,45.89
4833.mp4,-1,-1,50.9046
2993.mp4,-1,-1,54.6285
4508.mp4,-1,-1,57.3891
3269.mp4,-1,-1,45.5291
5914.mp4,-1,-1,62.0144
4379.mp4,-1,-1,49.2977
4231.mp4,-1,-1,54.4864
3531.mp4,-1,-1,50.0603
5032.mp4,-1,-1,57.0995
2364.mp4,-1,-1,45.1894
378.mp4,-1,-1,54.8159
3555.mp4,-1,-1,43.3262
6023.mp4,-1,-1,34.9244
4073.mp4,-1,-1,56.042
3468.mp4,-1,-1,62.4055
5374.mp4,-1,-1,43.3018
3659.mp4,-1,-1,54.3485
4260.mp4,-1,-1,51.4729
3896.mp4,-1,-1,65.0271
728.mp4,-1,-1,47.4731
5867.mp4,-1,-1,40.22
6073.mp4,-1,-1,59.1647
3342.mp4,-1,-1,51.1229
4655.mp4,-1,-1,57.8981
1969.mp4,-1,-1,42.4221
4439.mp4,-1,-1,59.1106
232.mp4,-1,-1,60.4975
1034.mp4,-1,-1,67.7996
5984.mp4,-1,-1,50.2608
4390.mp4,-1,-1,43.5639
3350.mp4,-1,-1,50.8414
1856.mp4,-1,-1,62.3415
4690.mp4,-1,-1,57.4947
5462.mp4,-1,-1,26.8734
5409.mp4,-1,-1,43.4925
4104.mp4,-1,-1,60.7529
4095.mp4,-1,-1,30.22
2039.mp4,-1,-1,39.2427
586.mp4,-1,-1,52.3974
6178.mp4,-1,-1,24.7989
3745.mp4,-1,-1,59.9623
3612.mp4,-1,-1,62.3169
3189.mp4,-1,-1,56.8372
4899.mp4,-1,-1,52.5924
3729.mp4,-1,-1,45.3377
1850.mp4,-1,-1,64.5148
4954.mp4,-1,-1,55.3056
1267.mp4,-1,-1,50.2917
4035.mp4,-1,-1,58.4681
4452.mp4,-1,-1,44.8206
5100.mp4,-1,-1,33.4483
2667.mp4,-1,-1,51.7022
1305.mp4,-1,-1,53.0687
3472.mp4,-1,-1,61.2941
3653.mp4,-1,-1,62.1866
613.mp4,-1,-1,50.3968
3566.mp4,-1,-1,43.3398
5342.mp4,-1,-1,52.2612
478.mp4,-1,-1,58.4134
1844.mp4,-1,-1,42.6688
3753.mp4,-1,-1,55.6821
4191.mp4,-1,-1,60.8434
3071.mp4,-1,-1,41.261
5006.mp4,-1,-1,57.9481
5776.mp4,-1,-1,20.4002
1549.mp4,-1,-1,52.4156
2890.mp4,-1,-1,44.5755
430.mp4,-1,-1,57.891
4700.mp4,-1,-1,47.6685
5411.mp4,-1,-1,53.365
2059.mp4,-1,-1,55.4394
5682.mp4,-1,-1,46.4102
2682.mp4,-1,-1,48.8369
2015.mp4,-1,-1,61.7773
3584.mp4,-1,-1,56.7353
1122.mp4,-1,-1,61.6683
404.mp4,-1,-1,4.54956
5142.mp4,-1,-1,51.3708
5830.mp4,-1,-1,58.174
5099.mp4,-1,-1,19.3699
3625.mp4,-1,-1,54.4022
2312.mp4,-1,-1,52.9461
779.mp4,-1,-1,56.942
156.mp4,-1,-1,55.4946
5249.mp4,-1,-1,60.5174
2375.mp4,-1,-1,46.3693
5173.mp4,-1,-1,58.6091
370.mp4,-1,-1,60.7542
5477.mp4,-1,-1,65.5485
4233.mp4,-1,-1,62.4159
5033.mp4,-1,-1,50.221
1759.mp4,-1,-1,49.6615
4077.mp4,-1,-1,40.6904
3120.mp4,-1,-1,51.4436
4197.mp4,-1,-1,13.3019
4207.mp4,-1,-1,58.8643
3626.mp4,-1,-1,64.4465
4371.mp4,-1,-1,56.9275
1193.mp4,-1,-1,64.9708
2187.mp4,-1,-1,50.0735
538.mp4,-1,-1,60.2118
1010.mp4,-1,-1,53.0482
5395.mp4,-1,-1,36.5819
1076.mp4,-1,-1,54.1333
1471.mp4,-1,-1,53.7193
2981.mp4,-1,-1,55.6309
1661.mp4,-1,-1,50.4535
4803.mp4,-1,-1,53.8821
4026.mp4,-1,-1,58.7651
2233.mp4,-1,-1,43.9755
775.mp4,-1,-1,40.7718
1558.mp4,-1,-1,58.5854
3254.mp4,-1,-1,56.2626
5193.mp4,-1,-1,45.576
691.mp4,-1,-1,48.5964
5169.mp4,-1,-1,34.7364
4352.mp4,-1,-1,68.5216
634.mp4,-1,-1,56.5606
5313.mp4,-1,-1,38.6546
3838.mp4,-1,-1,33.9288
574.mp4,-1,-1,43.9449
4176.mp4,-1,-1,54.1518
4585.mp4,-1,-1,45.5458
2217.mp4,-1,-1,54.5772
3512.mp4,-1,-1,56.3465
3898.mp4,-1,-1,51.5359
3679.mp4,-1,-1,51.4448
5657.mp4,-1,-1,40.1909
576.mp4,-1,-1,49.911
965.mp4,-1,-1,55.57
1726.mp4,-1,-1,49.1818
2246.mp4,-1,-1,31.0043
296.mp4,-1,-1,35.7544
137.mp4,-1,-1,49.0031
1166.mp4,-1,-1,49.5032
5950.mp4,-1,-1,65.1084
4894.mp4,-1,-1,56.3969
1079.mp4,-1,-1,52.5659
3424.mp4,-1,-1,38.4321
4292.mp4,-1,-1,50.5603
2602.mp4,-1,-1,44.5196
939.mp4,-1,-1,49.9253
4138.mp4,-1,-1,49.45
4900.mp4,-1,-1,55.7529
2252.mp4,-1,-1,59.754
5640.mp4,-1,-1,27.7442
268.mp4,-1,-1,56.264
1644.mp4,-1,-1,48.9281
5244.mp4,-1,-1,36.9872
898.mp4,-1,-1,60.5035
2089.mp4,-1,-1,46.8345
5573.mp4,-1,-1,50.9892
1576.mp4,-1,-1,57.46
1137.mp4,-1,-1,46.4262
3414.mp4,-1,-1,43.1675
3743.mp4,-1,-1,60.755
1870.mp4,-1,-1,38.5818
3252.mp4,-1,-1,59.5841
2967.mp4,-1,-1,42.7577
4507.mp4,-1,-1,40.9118
1223.mp4,-1,-1,48.8859
6234.mp4,-1,-1,52.7604
4941.mp4,-1,-1,54.7521
338.mp4,-1,-1,59.7169
4187.mp4,-1,-1,50.4986
1203.mp4,-1,-1,56.3912
5002.mp4,-1,-1,45.9168
6003.mp4,-1,-1,49.642
1260.mp4,-1,-1,30.6354
1830.mp4,-1,-1,41.136
1531.mp4,-1,-1,51.4755
375.mp4,-1,-1,53.2773
1236.mp4,-1,-1,41.9889
756.mp4,-1,-1,56.8424
368.mp4,-1,-1,37.9216
841.mp4,-1,-1,47.3487
261.mp4,-1,-1,49.3815
653.mp4,-1,-1,50.7579
3066.mp4,-1,-1,54.1132
1612.mp4,-1,-1,58.2561
5143.mp4,-1,-1,46.174
4767.mp4,-1,-1,20.3063
4708.mp4,-1,-1,56.3303
553.mp4,-1,-1,50.9447
5239.mp4,-1,-1,51.8
5606.mp4,-1,-1,55.689
1303.mp4,-1,-1,56.8317
