914.mp4,-1,-1,53.2823
1282.mp4,-1,-1,50.5065
4678.mp4,-1,-1,49.1113
5522.mp4,-1,-1,37.9811
338.mp4,-1,-1,42.5819
1047.mp4,-1,-1,72.8328
4994.mp4,-1,-1,47.1307
2856.mp4,-1,-1,60.1089
1984.mp4,-1,-1,76.5521
53.mp4,-1,-1,47.3948
253.mp4,-1,-1,53.6399
3531.mp4,-1,-1,47.3154
3515.mp4,-1,-1,36.9984
5715.mp4,-1,-1,43.8646
4887.mp4,-1,-1,59.8852
5311.mp4,-1,-1,51.0302
518.mp4,-1,-1,34.4182
5745.mp4,-1,-1,35.7224
3362.mp4,-1,-1,61.4479
1146.mp4,-1,-1,33.4855
292.mp4,-1,-1,33.4461
606.mp4,-1,-1,50.5896
632.mp4,-1,-1,49.9382
88.mp4,-1,-1,17.6191
901.mp4,-1,-1,59.8371
2914.mp4,-1,-1,41.1968
1103.mp4,-1,-1,60.632
737.mp4,-1,-1,38.1662
4788.mp4,-1,-1,50.127
542.mp4,-1,-1,37.5931
2984.mp4,-1,-1,55.9231
956.mp4,-1,-1,53.4996
3019.mp4,-1,-1,58.1244
699.mp4,-1,-1,64.7596
794.mp4,-1,-1,54.5763
5732.mp4,-1,-1,55.8693
1121.mp4,-1,-1,29.322
3441.mp4,-1,-1,52.4494
1856.mp4,-1,-1,67.4057
5105.mp4,-1,-1,53.7126
2360.mp4,-1,-1,61.5617
3829.mp4,-1,-1,57.2591
3509.mp4,-1,-1,41.0038
809.mp4,-1,-1,61.4711
5749.mp4,-1,-1,59.6589
5366.mp4,-1,-1,67.6832
2673.mp4,-1,-1,59.0163
922.mp4,-1,-1,42.4342
3885.mp4,-1,-1,45.5781
1431.mp4,-1,-1,51.6064
2888.mp4,-1,-1,44.6085
5390.mp4,-1,-1,75.4451
4875.mp4,-1,-1,62.5693
2755.mp4,-1,-1,48.2697
4709.mp4,-1,-1,42.3321
2834.mp4,-1,-1,52.7647
5507.mp4,-1,-1,63.2376
2073.mp4,-1,-1,40.2907
4158.mp4,-1,-1,52.3353
2286.mp4,-1,-1,67.8127
2542.mp4,-1,-1,22.1355
1193.mp4,-1,-1,57.7236
1532.mp4,-1,-1,64.094
3888.mp4,-1,-1,51.7676
3233.mp4,-1,-1,58.6325
1822.mp4,-1,-1,39.4255
2155.mp4,-1,-1,55.9344
262.mp4,-1,-1,65.6508
3101.mp4,-1,-1,34.8407
2046.mp4,-1,-1,50.6811
2823.mp4,-1,-1,33.4937
5384.mp4,-1,-1,39.7366
5584.mp4,-1,-1,42.814
227.mp4,-1,-1,61.3097
3927.mp4,-1,-1,61.1635
58.mp4,-1,-1,58.5792
4149.mp4,-1,-1,61.3173
4471.mp4,-1,-1,52.9682
3683.mp4,-1,-1,51.2558
5503.mp4,-1,-1,69.7888
1868.mp4,-1,-1,44.3867
4631.mp4,-1,-1,50.0348
4122.mp4,-1,-1,54.5062
245.mp4,-1,-1,54.4703
5757.mp4,-1,-1,51.6946
4844.mp4,-1,-1,46.0078
2354.mp4,-1,-1,61.4366
2048.mp4,-1,-1,31.3517
1577.mp4,-1,-1,65.8616
3028.mp4,-1,-1,63.8344
5788.mp4,-1,-1,71.0658
5881.mp4,-1,-1,75.8365
5561.mp4,-1,-1,61.7167
5645.mp4,-1,-1,52.4581
5629.mp4,-1,-1,44.8746
357.mp4,-1,-1,46.9717
2231.mp4,-1,-1,41.2953
3384.mp4,-1,-1,30.9245
5448.mp4,-1,-1,65.0744
585.mp4,-1,-1,51.4437
3484.mp4,-1,-1,49.9129
3177.mp4,-1,-1,65.6116
4001.mp4,-1,-1,36.9195
6168.mp4,-1,-1,58.0066
3624.mp4,-1,-1,65.9302
3105.mp4,-1,-1,54.5154
505.mp4,-1,-1,30.7527
2801.mp4,-1,-1,67.4791
2987.mp4,-1,-1,61.6836
3187.mp4,-1,-1,62.3977
5509.mp4,-1,-1,69.2285
1791.mp4,-1,-1,53.3501
4207.mp4,-1,-1,59.4627
907.mp4,-1,-1,58.9678
531.mp4,-1,-1,39.2901
2220.mp4,-1,-1,53.0837
3155.mp4,-1,-1,56.5829
6004.mp4,-1,-1,40.7983
3653.mp4,-1,-1,65.724
912.mp4,-1,-1,50.1815
5211.mp4,-1,-1,56.9728
4935.mp4,-1,-1,51.6384
5787.mp4,-1,-1,52.5644
4525.mp4,-1,-1,58.8533
2230.mp4,-1,-1,53.8992
6250.mp4,-1,-1,54.3603
6191.mp4,-1,-1,55.9614
3500.mp4,-1,-1,52.2304
3040.mp4,-1,-1,52.172
3596.mp4,-1,-1,57.801
4104.mp4,-1,-1,62.3806
5354.mp4,-1,-1,26.7709
6148.mp4,-1,-1,52.0175
2607.mp4,-1,-1,52.7728
2024.mp4,-1,-1,60.5496
287.mp4,-1,-1,51.6796
6275.mp4,-1,-1,55.9521
3451.mp4,-1,-1,58.1365
3486.mp4,-1,-1,59.4864
94.mp4,-1,-1,57.9402
2325.mp4,-1,-1,66.1818
4084.mp4,-1,-1,30.9453
4634.mp4,-1,-1,49.5735
5728.mp4,-1,-1,62.1231
3750.mp4,-1,-1,56.2041
4035.mp4,-1,-1,64.5936
6029.mp4,-1,-1,24.1226
2564.mp4,-1,-1,26.3673
4267.mp4,-1,-1,59.6504
5737.mp4,-1,-1,17.7225
3207.mp4,-1,-1,38.3921
2443.mp4,-1,-1,30.4904
5747.mp4,-1,-1,44.1728
5318.mp4,-1,-1,69.5587
3828.mp4,-1,-1,69.2254
1134.mp4,-1,-1,51.8288
3489.mp4,-1,-1,59.6283
3867.mp4,-1,-1,40.265
89.mp4,-1,-1,45.8501
2473.mp4,-1,-1,53.5427
512.mp4,-1,-1,41.4889
821.mp4,-1,-1,54.5761
112.mp4,-1,-1,70.8884
450.mp4,-1,-1,36.0772
2095.mp4,-1,-1,46.8877
1994.mp4,-1,-1,65.984
1772.mp4,-1,-1,55.4074
5527.mp4,-1,-1,70.6688
399.mp4,-1,-1,57.9999
1256.mp4,-1,-1,56.7627
6260.mp4,-1,-1,33.0499
6264.mp4,-1,-1,38.5028
6151.mp4,-1,-1,44.8546
4956.mp4,-1,-1,50.8282
3288.mp4,-1,-1,61.2272
1309.mp4,-1,-1,60.4413
4978.mp4,-1,-1,38.7996
4352.mp4,-1,-1,72.2869
1027.mp4,-1,-1,56.2758
5445.mp4,-1,-1,38.6898
1346.mp4,-1,-1,69.8932
4791.mp4,-1,-1,20.9464
4930.mp4,-1,-1,43.4488
2254.mp4,-1,-1,32.0587
4605.mp4,-1,-1,31.2921
2084.mp4,-1,-1,57.8815
905.mp4,-1,-1,56.6194
2141.mp4,-1,-1,49.7961
3137.mp4,-1,-1,45.8096
4325.mp4,-1,-1,68.2349
6094.mp4,-1,-1,63.2501
4767.mp4,-1,-1,33.4161
4652.mp4,-1,-1,30.8762
4334.mp4,-1,-1,46.8845
2477.mp4,-1,-1,52.3584
2111.mp4,-1,-1,32.2613
5866.mp4,-1,-1,57.9826
557.mp4,-1,-1,32.0773
1113.mp4,-1,-1,48.9036
3659.mp4,-1,-1,56.2614
4837.mp4,-1,-1,54.8389
2334.mp4,-1,-1,61.1834
2263.mp4,-1,-1,33.5287
4731.mp4,-1,-1,44.6225
98.mp4,-1,-1,35.2202
2322.mp4,-1,-1,52.3847
330.mp4,-1,-1,60.1292
354.mp4,-1,-1,43.4769
6219.mp4,-1,-1,73.3608
41.mp4,-1,-1,36.5918
1557.mp4,-1,-1,73.4249
1482.mp4,-1,-1,65.0052
1627.mp4,-1,-1,38.4901
5149.mp4,-1,-1,55.2264
929.mp4,-1,-1,58.3476
2799.mp4,-1,-1,38.2723
5059.mp4,-1,-1,43.0591
2340.mp4,-1,-1,63.6706
4016.mp4,-1,-1,23.1448
6163.mp4,-1,-1,31.8953
3450.mp4,-1,-1,43.2022
4635.mp4,-1,-1,35.9197
6274.mp4,-1,-1,41.4667
4876.mp4,-1,-1,48.8761
845.mp4,-1,-1,36.7808
4481.mp4,-1,-1,62.5466
1190.mp4,-1,-1,50.983
4577.mp4,-1,-1,53.8042
3253.mp4,-1,-1,58.9101
751.mp4,-1,-1,44.5121
586.mp4,-1,-1,54.3618
3774.mp4,-1,-1,59.6655
1534.mp4,-1,-1,60.3574
1558.mp4,-1,-1,59.4467
2725.mp4,-1,-1,43.8299
3127.mp4,-1,-1,43.3511
4654.mp4,-1,-1,65.9615
2991.mp4,-1,-1,39.1241
56.mp4,-1,-1,55.8719
2648.mp4,-1,-1,46.7987
931.mp4,-1,-1,58.8246
2621.mp4,-1,-1,59.2301
517.mp4,-1,-1,49.6548
1198.mp4,-1,-1,61.5114
4589.mp4,-1,-1,50.2206
4965.mp4,-1,-1,27.3535
3064.mp4,-1,-1,48.2045
5131.mp4,-1,-1,44.433
906.mp4,-1,-1,55.9752
2228.mp4,-1,-1,46.002
3421.mp4,-1,-1,49.3202
1344.mp4,-1,-1,32.571
3166.mp4,-1,-1,51.7739
4602.mp4,-1,-1,61.9482
915.mp4,-1,-1,40.2172
4683.mp4,-1,-1,49.8052
2995.mp4,-1,-1,39.664
1357.mp4,-1,-1,35.4401
6044.mp4,-1,-1,67.7217
1036.mp4,-1,-1,65.3867
1080.mp4,-1,-1,44.3601
3949.mp4,-1,-1,72.1353
4458.mp4,-1,-1,54.2629
4693.mp4,-1,-1,41.2756
4470.mp4,-1,-1,56.1573
4677.mp4,-1,-1,34.587
1137.mp4,-1,-1,31.976
4991.mp4,-1,-1,59.957
4950.mp4,-1,-1,56.7452
6268.mp4,-1,-1,31.1334
300.mp4,-1,-1,43.9379
5860.mp4,-1,-1,67.2144
3436.mp4,-1,-1,23.8036
3523.mp4,-1,-1,60.9607
5655.mp4,-1,-1,69.4733
5691.mp4,-1,-1,49.0301
1217.mp4,-1,-1,69.5252
1070.mp4,-1,-1,49.3177
1311.mp4,-1,-1,67.0152
61.mp4,-1,-1,58.1956
4000.mp4,-1,-1,59.6247
2983.mp4,-1,-1,53.4854
4320.mp4,-1,-1,41.6534
3701.mp4,-1,-1,56.0348
444.mp4,-1,-1,56.9341
244.mp4,-1,-1,46.773
3785.mp4,-1,-1,66.8028
3399.mp4,-1,-1,56.9123
5942.mp4,-1,-1,64.288
3731.mp4,-1,-1,37.4859
3171.mp4,-1,-1,61.9878
2449.mp4,-1,-1,57.1973
6110.mp4,-1,-1,33.5518
2962.mp4,-1,-1,66.46
5120.mp4,-1,-1,49.3768
4270.mp4,-1,-1,60.2738
4516.mp4,-1,-1,67.1633
1692.mp4,-1,-1,44.0934
3640.mp4,-1,-1,64.2445
969.mp4,-1,-1,47.6666
2964.mp4,-1,-1,50.5128
5776.mp4,-1,-1,18.086
4804.mp4,-1,-1,67.0778
314.mp4,-1,-1,37.767
179.mp4,-1,-1,58.958
4833.mp4,-1,-1,38.5811
2802.mp4,-1,-1,63.8358
5814.mp4,-1,-1,57.8881
2636.mp4,-1,-1,52.3499
5699.mp4,-1,-1,16.6822
176.mp4,-1,-1,48.8714
4823.mp4,-1,-1,49.8786
4812.mp4,-1,-1,64.3572
2614.mp4,-1,-1,49.2808
4849.mp4,-1,-1,57.2431
927.mp4,-1,-1,56.1642
1064.mp4,-1,-1,59.9856
949.mp4,-1,-1,36.7692
1569.mp4,-1,-1,38.838
236.mp4,-1,-1,62.8816
4212.mp4,-1,-1,41.3261
3380.mp4,-1,-1,59.9318
5296.mp4,-1,-1,43.7802
2043.mp4,-1,-1,54.6397
2397.mp4,-1,-1,67.5972
6142.mp4,-1,-1,48.6692
5121.mp4,-1,-1,32.251
1537.mp4,-1,-1,54.2587
4774.mp4,-1,-1,43.2077
3128.mp4,-1,-1,45.3175
202.mp4,-1,-1,57.8366
2417.mp4,-1,-1,37.9117
1625.mp4,-1,-1,60.1771
5369.mp4,-1,-1,28.944
626.mp4,-1,-1,35.5687
4964.mp4,-1,-1,56.1138
4864.mp4,-1,-1,46.7992
1655.mp4,-1,-1,28.0466
962.mp4,-1,-1,72.1025
2544.mp4,-1,-1,44.1772
2659.mp4,-1,-1,22.881
4717.mp4,-1,-1,68.4459
2692.mp4,-1,-1,52.8101
2393.mp4,-1,-1,52.8252
895.mp4,-1,-1,61.447
1117.mp4,-1,-1,28.8896
3120.mp4,-1,-1,48.3803
4611.mp4,-1,-1,57.6294
1978.mp4,-1,-1,56.5447
5140.mp4,-1,-1,48.5428
4521.mp4,-1,-1,48.9284
644.mp4,-1,-1,55.5793
1666.mp4,-1,-1,40.0031
4636.mp4,-1,-1,28.6541
4732.mp4,-1,-1,59.1753
2694.mp4,-1,-1,64.3137
5229.mp4,-1,-1,60.413
1746.mp4,-1,-1,46.1816
778.mp4,-1,-1,60.734
70.mp4,-1,-1,22.5226
3857.mp4,-1,-1,31.9364
1562.mp4,-1,-1,54.7165
2378.mp4,-1,-1,64.5762
108.mp4,-1,-1,50.3554
87.mp4,-1,-1,55.9942
997.mp4,-1,-1,63.4523
1975.mp4,-1,-1,57.0532
5868.mp4,-1,-1,47.2892
5909.mp4,-1,-1,53.5353
4142.mp4,-1,-1,63.2194
2074.mp4,-1,-1,64.9163
1424.mp4,-1,-1,50.6776
1615.mp4,-1,-1,28.5255
187.mp4,-1,-1,59.9805
3820.mp4,-1,-1,65.2206
3192.mp4,-1,-1,49.654
2372.mp4,-1,-1,58.2912
4744.mp4,-1,-1,36.8577
2510.mp4,-1,-1,64.1734
5037.mp4,-1,-1,67.1991
1780.mp4,-1,-1,47.0463
5921.mp4,-1,-1,40.2128
1364.mp4,-1,-1,24.1877
79.mp4,-1,-1,65.544
2498.mp4,-1,-1,67.8899
4595.mp4,-1,-1,55.2353
3439.mp4,-1,-1,51.7525
1076.mp4,-1,-1,48.0176
3156.mp4,-1,-1,52.3537
2912.mp4,-1,-1,62.9391
6081.mp4,-1,-1,37.8661
5001.mp4,-1,-1,54.5529
2493.mp4,-1,-1,46.5245
5042.mp4,-1,-1,33.6469
4108.mp4,-1,-1,64.3618
4992.mp4,-1,-1,46.5361
1249.mp4,-1,-1,65.937
4123.mp4,-1,-1,47.0832
2926.mp4,-1,-1,57.118
2289.mp4,-1,-1,59.8674
3686.mp4,-1,-1,43.5597
2009.mp4,-1,-1,48.7501
1735.mp4,-1,-1,29.7315
5859.mp4,-1,-1,55.1421
311.mp4,-1,-1,38.2117
4865.mp4,-1,-1,46.2212
3452.mp4,-1,-1,47.7061
5955.mp4,-1,-1,64.7918
1893.mp4,-1,-1,24.0297
3397.mp4,-1,-1,39.373
5802.mp4,-1,-1,55.2397
4148.mp4,-1,-1,38.1589
5791.mp4,-1,-1,68.3419
4697.mp4,-1,-1,42.4846
2010.mp4,-1,-1,60.6872
435.mp4,-1,-1,70.7485
5432.mp4,-1,-1,65.5945
6283.mp4,-1,-1,65.9389
671.mp4,-1,-1,60.4921
5391.mp4,-1,-1,37.9181
4227.mp4,-1,-1,49.1314
1507.mp4,-1,-1,56.6821
3347.mp4,-1,-1,47.5306
1749.mp4,-1,-1,68.1184
4904.mp4,-1,-1,66.3919
5080.mp4,-1,-1,36.7022
1792.mp4,-1,-1,42.6877
1836.mp4,-1,-1,69.8105
4281.mp4,-1,-1,39.1394
3200.mp4,-1,-1,49.4282
3059.mp4,-1,-1,59.2003
5830.mp4,-1,-1,59.5867
5496.mp4,-1,-1,32.1341
6103.mp4,-1,-1,54.6056
5459.mp4,-1,-1,67.1422
2638.mp4,-1,-1,22.2604
5491.mp4,-1,-1,58.5348
3876.mp4,-1,-1,32.9658
1315.mp4,-1,-1,59.428
6215.mp4,-1,-1,68.3837
4560.mp4,-1,-1,29.5314
3568.mp4,-1,-1,46.1069
576.mp4,-1,-1,54.6731
1443.mp4,-1,-1,54.4687
2067.mp4,-1,-1,69.4976
2013.mp4,-1,-1,53.2443
3902.mp4,-1,-1,33.9335
298.mp4,-1,-1,38.0603
2577.mp4,-1,-1,59.9853
433.mp4,-1,-1,43.7461
5926.mp4,-1,-1,55.9673
498.mp4,-1,-1,61.144
29.mp4,-1,-1,43.0206
4362.mp4,-1,-1,52.332
2927.mp4,-1,-1,46.1735
3755.mp4,-1,-1,40.5074
5253.mp4,-1,-1,47.2745
3615.mp4,-1,-1,64.0739
1215.mp4,-1,-1,61.5427
4523.mp4,-1,-1,55.7177
2261.mp4,-1,-1,26.0488
1563.mp4,-1,-1,64.8385
4766.mp4,-1,-1,56.7687
776.mp4,-1,-1,36.1564
4233.mp4,-1,-1,60.4698
2052.mp4,-1,-1,47.3983
2349.mp4,-1,-1,61.9186
4015.mp4,-1,-1,60.0682
1691.mp4,-1,-1,65.8134
3453.mp4,-1,-1,63.2253
6183.mp4,-1,-1,70.0541
795.mp4,-1,-1,67.5587
1008.mp4,-1,-1,31.4317
265.mp4,-1,-1,55.8076
1025.mp4,-1,-1,67.0112
4487.mp4,-1,-1,59.7272
4093.mp4,-1,-1,59.8329
6158.mp4,-1,-1,53.0965
5144.mp4,-1,-1,57.9937
1023.mp4,-1,-1,66.8346
1092.mp4,-1,-1,48.5892
2319.mp4,-1,-1,46.8017
5530.mp4,-1,-1,50.2728
5203.mp4,-1,-1,54.0931
3562.mp4,-1,-1,56.8873
5879.mp4,-1,-1,64.1009
2355.mp4,-1,-1,61.1853
5307.mp4,-1,-1,56.1167
5416.mp4,-1,-1,49.2476
764.mp4,-1,-1,70.8027
4196.mp4,-1,-1,47.1019
5927.mp4,-1,-1,37.5329
4040.mp4,-1,-1,51.3237
4945.mp4,-1,-1,48.8466
1881.mp4,-1,-1,33.0204
3952.mp4,-1,-1,29.7344
3431.mp4,-1,-1,47.1346
5141.mp4,-1,-1,51.0251
1515.mp4,-1,-1,35.6347
4479.mp4,-1,-1,55.9482
5388.mp4,-1,-1,24.6055
1811.mp4,-1,-1,62.491
2932.mp4,-1,-1,59.9053
4425.mp4,-1,-1,45.6296
726.mp4,-1,-1,72.0867
2981.mp4,-1,-1,56.7123
6052.mp4,-1,-1,40.1255
1897.mp4,-1,-1,57.1161
1991.mp4,-1,-1,64.4182
2061.mp4,-1,-1,64.2363
2640.mp4,-1,-1,60.2617
4318.mp4,-1,-1,59.1629
1708.mp4,-1,-1,50.347
1841.mp4,-1,-1,61.9548
4510.mp4,-1,-1,30.856
2787.mp4,-1,-1,39.3018
6049.mp4,-1,-1,41.1398
419.mp4,-1,-1,42.7186
5992.mp4,-1,-1,38.1766
5147.mp4,-1,-1,46.3601
5152.mp4,-1,-1,61.654
3353.mp4,-1,-1,37.9006
4879.mp4,-1,-1,37.3504
638.mp4,-1,-1,67.6225
4365.mp4,-1,-1,55.2946
2214.mp4,-1,-1,59.1554
397.mp4,-1,-1,33.2649
3877.mp4,-1,-1,52.4066
4918.mp4,-1,-1,59.7584
5956.mp4,-1,-1,63.1686
283.mp4,-1,-1,49.7111
668.mp4,-1,-1,42.5128
5295.mp4,-1,-1,52.5072
5360.mp4,-1,-1,48.6149
1422.mp4,-1,-1,52.1673
4363.mp4,-1,-1,41.4372
1149.mp4,-1,-1,39.904
1652.mp4,-1,-1,56.0092
4047.mp4,-1,-1,59.6155
3193.mp4,-1,-1,41.3563
2186.mp4,-1,-1,58.4522
3520.mp4,-1,-1,58.6257
3154.mp4,-1,-1,59.7283
611.mp4,-1,-1,39.6617
5030.mp4,-1,-1,49.2698
3008.mp4,-1,-1,66.4103
3875.mp4,-1,-1,53.3502
5145.mp4,-1,-1,34.4679
5965.mp4,-1,-1,41.478
1858.mp4,-1,-1,41.0473
4810.mp4,-1,-1,64.227
4665.mp4,-1,-1,41.5624
5340.mp4,-1,-1,72.9545
2833.mp4,-1,-1,40.004
12.mp4,-1,-1,63.1521
5129.mp4,-1,-1,44.701
3700.mp4,-1,-1,58.4849
1462.mp4,-1,-1,63.8201
78.mp4,-1,-1,52.4766
5206.mp4,-1,-1,38.9051
1900.mp4,-1,-1,53.1088
1886.mp4,-1,-1,43.685
5225.mp4,-1,-1,55.5265
2200.mp4,-1,-1,70.571
5514.mp4,-1,-1,32.8499
4856.mp4,-1,-1,54.5088
2352.mp4,-1,-1,41.2294
1238.mp4,-1,-1,45.976
3706.mp4,-1,-1,54.1696
762.mp4,-1,-1,42.3936
472.mp4,-1,-1,49.0886
645.mp4,-1,-1,44.6053
5034.mp4,-1,-1,33.7328
551.mp4,-1,-1,57.4159
5179.mp4,-1,-1,51.3324
3463.mp4,-1,-1,57.3484
5853.mp4,-1,-1,64.7272
2484.mp4,-1,-1,49.3758
411.mp4,-1,-1,56.878
3197.mp4,-1,-1,57.3218
5596.mp4,-1,-1,54.1096
3859.mp4,-1,-1,47.6413
23.mp4,-1,-1,58.6667
4183.mp4,-1,-1,63.1743
5698.mp4,-1,-1,52.509
1895.mp4,-1,-1,48.3106
2734.mp4,-1,-1,59.4506
1489.mp4,-1,-1,41.9432
4694.mp4,-1,-1,45.2009
2199.mp4,-1,-1,60.5592
3096.mp4,-1,-1,45.7468
4764.mp4,-1,-1,48.1426
3525.mp4,-1,-1,63.6229
1374.mp4,-1,-1,47.8052
5524.mp4,-1,-1,56.4962
1034.mp4,-1,-1,73.5091
6051.mp4,-1,-1,56.7764
853.mp4,-1,-1,53.9739
2127.mp4,-1,-1,65.2496
4772.mp4,-1,-1,49.2247
1409.mp4,-1,-1,65.0448
1677.mp4,-1,-1,45.4762
4359.mp4,-1,-1,72.094
2768.mp4,-1,-1,34.9133
3284.mp4,-1,-1,54.8471
1446.mp4,-1,-1,67.8946
6199.mp4,-1,-1,24.1702
4943.mp4,-1,-1,58.6773
2835.mp4,-1,-1,54.0709
4288.mp4,-1,-1,55.7991
5443.mp4,-1,-1,60.9832
943.mp4,-1,-1,34.6045
4472.mp4,-1,-1,54.0335
5482.mp4,-1,-1,48.3069
5772.mp4,-1,-1,47.7198
4070.mp4,-1,-1,51.3827
5870.mp4,-1,-1,34.9052
6066.mp4,-1,-1,48.1327
3524.mp4,-1,-1,51.9152
4648.mp4,-1,-1,47.3996
5464.mp4,-1,-1,68.2689
3655.mp4,-1,-1,59.2446
4155.mp4,-1,-1,69.8054
4735.mp4,-1,-1,55.2957
2130.mp4,-1,-1,59.9519
146.mp4,-1,-1,65.583
1690.mp4,-1,-1,52.0947
3068.mp4,-1,-1,51.6082
336.mp4,-1,-1,39.4884
3609.mp4,-1,-1,59.9308
3063.mp4,-1,-1,47.4935
1156.mp4,-1,-1,46.3111
5172.mp4,-1,-1,48.475
5934.mp4,-1,-1,62.4114
1395.mp4,-1,-1,62.6361
5419.mp4,-1,-1,41.9657
97.mp4,-1,-1,72.2549
1288.mp4,-1,-1,64.9442
4977.mp4,-1,-1,35.6499
2742.mp4,-1,-1,56.695
4037.mp4,-1,-1,45.98
323.mp4,-1,-1,42.7589
5618.mp4,-1,-1,64.397
1645.mp4,-1,-1,56.7062
4323.mp4,-1,-1,29.3947
3248.mp4,-1,-1,62.6608
894.mp4,-1,-1,41.9341
1679.mp4,-1,-1,21.0046
2392.mp4,-1,-1,54.8897
4445.mp4,-1,-1,44.4184
1174.mp4,-1,-1,32.3861
2898.mp4,-1,-1,59.0375
2444.mp4,-1,-1,58.2631
4773.mp4,-1,-1,51.9187
4156.mp4,-1,-1,42.9174
4805.mp4,-1,-1,48.0216
4150.mp4,-1,-1,41.7198
503.mp4,-1,-1,37.2306
4279.mp4,-1,-1,65.9187
1490.mp4,-1,-1,56.4477
5797.mp4,-1,-1,59.8044
2266.mp4,-1,-1,29.402
707.mp4,-1,-1,57.689
892.mp4,-1,-1,39.0443
965.mp4,-1,-1,62.3252
181.mp4,-1,-1,37.0705
5223.mp4,-1,-1,43.3569
3886.mp4,-1,-1,54.3974
1888.mp4,-1,-1,54.4898
5428.mp4,-1,-1,51.8306
223.mp4,-1,-1,41.7428
454.mp4,-1,-1,67.112
5303.mp4,-1,-1,65.6162
1452.mp4,-1,-1,31.1593
1884.mp4,-1,-1,39.3437
2693.mp4,-1,-1,48.9235
4533.mp4,-1,-1,57.495
1803.mp4,-1,-1,37.9139
4393.mp4,-1,-1,58.2919
4730.mp4,-1,-1,54.7642
5468.mp4,-1,-1,61.2698
999.mp4,-1,-1,55.3207
659.mp4,-1,-1,64.4928
4698.mp4,-1,-1,52.7367
2625.mp4,-1,-1,25.401
6202.mp4,-1,-1,58.9788
2922.mp4,-1,-1,34.6352
1892.mp4,-1,-1,67.2505
2709.mp4,-1,-1,45.9351
482.mp4,-1,-1,36.7412
3340.mp4,-1,-1,24.6968
5941.mp4,-1,-1,31.0072
1261.mp4,-1,-1,34.7154
1707.mp4,-1,-1,69.0345
3354.mp4,-1,-1,63.2098
3854.mp4,-1,-1,57.4921
4239.mp4,-1,-1,39.7143
1977.mp4,-1,-1,37.9217
5917.mp4,-1,-1,21.7076
2660.mp4,-1,-1,54.2127
785.mp4,-1,-1,52.7009
3033.mp4,-1,-1,26.2478
3216.mp4,-1,-1,56.9939
4166.mp4,-1,-1,60.8714
200.mp4,-1,-1,49.2945
1388.mp4,-1,-1,58.5005
4907.mp4,-1,-1,40.6919
1254.mp4,-1,-1,55.333
5872.mp4,-1,-1,56.0113
2217.mp4,-1,-1,47.7702
3862.mp4,-1,-1,59.7406
1936.mp4,-1,-1,52.4936
2897.mp4,-1,-1,58.325
6137.mp4,-1,-1,66.1859
728.mp4,-1,-1,49.128
4371.mp4,-1,-1,47.1457
2563.mp4,-1,-1,32.0983
359.mp4,-1,-1,34.6131
4988.mp4,-1,-1,52.4039
975.mp4,-1,-1,30.6054
118.mp4,-1,-1,23.2068
1817.mp4,-1,-1,46.8673
4125.mp4,-1,-1,55.7584
4010.mp4,-1,-1,35.5614
1697.mp4,-1,-1,51.9637
5883.mp4,-1,-1,72.5572
2874.mp4,-1,-1,62.0098
1180.mp4,-1,-1,52.5239
4309.mp4,-1,-1,50.4272
3754.mp4,-1,-1,59.9755
6113.mp4,-1,-1,24.9244
5727.mp4,-1,-1,50.4503
1338.mp4,-1,-1,72.0524
1509.mp4,-1,-1,46.7717
1274.mp4,-1,-1,52.9764
4517.mp4,-1,-1,39.7394
812.mp4,-1,-1,47.8626
209.mp4,-1,-1,50.6357
3742.mp4,-1,-1,41.0142
1633.mp4,-1,-1,24.8141
4112.mp4,-1,-1,30.5795
5736.mp4,-1,-1,57.9021
4946.mp4,-1,-1,53.2739
4705.mp4,-1,-1,51.8442
3869.mp4,-1,-1,55.8931
1206.mp4,-1,-1,42.4368
581.mp4,-1,-1,51.5644
5672.mp4,-1,-1,30.9094
4171.mp4,-1,-1,53.0083
5342.mp4,-1,-1,55.6249
1303.mp4,-1,-1,61.4884
5356.mp4,-1,-1,46.5225
5158.mp4,-1,-1,40.175
4023.mp4,-1,-1,60.3491
3988.mp4,-1,-1,65.1613
3646.mp4,-1,-1,59.1132
817.mp4,-1,-1,47.2991
5847.mp4,-1,-1,57.5651
2275.mp4,-1,-1,47.5299
3881.mp4,-1,-1,36.0753
2225.mp4,-1,-1,22.3382
3244.mp4,-1,-1,53.1788
2268.mp4,-1,-1,59.9255
3409.mp4,-1,-1,56.5473
3925.mp4,-1,-1,54.7664
4430.mp4,-1,-1,44.5231
3368.mp4,-1,-1,56.0881
4220.mp4,-1,-1,53.2046
2680.mp4,-1,-1,65.9164
249.mp4,-1,-1,64.6387
5986.mp4,-1,-1,61.7975
1787.mp4,-1,-1,56.7511
2788.mp4,-1,-1,66.6778
6211.mp4,-1,-1,30.3885
2555.mp4,-1,-1,50.5618
3787.mp4,-1,-1,49.9708
3529.mp4,-1,-1,59.7781
3781.mp4,-1,-1,27.6308
3990.mp4,-1,-1,65.8212
619.mp4,-1,-1,56.6141
1703.mp4,-1,-1,42.1007
670.mp4,-1,-1,35.6096
3482.mp4,-1,-1,49.8271
972.mp4,-1,-1,42.8241
4186.mp4,-1,-1,40.283
5670.mp4,-1,-1,44.3303
3218.mp4,-1,-1,63.5424
5280.mp4,-1,-1,62.4489
3548.mp4,-1,-1,58.2887
4708.mp4,-1,-1,61.6849
1860.mp4,-1,-1,54.9414
940.mp4,-1,-1,60.9177
6188.mp4,-1,-1,53.518
4514.mp4,-1,-1,58.0085
5258.mp4,-1,-1,71.6339
1549.mp4,-1,-1,48.8197
4995.mp4,-1,-1,32.8891
2115.mp4,-1,-1,43.6296
3553.mp4,-1,-1,49.3595
6056.mp4,-1,-1,55.3018
2080.mp4,-1,-1,52.1482
5962.mp4,-1,-1,67.7033
3102.mp4,-1,-1,24.6926
3251.mp4,-1,-1,45.3112
2941.mp4,-1,-1,35.5189
3915.mp4,-1,-1,41.3105
4025.mp4,-1,-1,55.5829
5667.mp4,-1,-1,42.8426
2249.mp4,-1,-1,35.8584
1979.mp4,-1,-1,44.6909
3176.mp4,-1,-1,44.4981
3188.mp4,-1,-1,42.6613
1005.mp4,-1,-1,46.2903
3740.mp4,-1,-1,32.9902
4304.mp4,-1,-1,61.6136
3997.mp4,-1,-1,61.1426
6007.mp4,-1,-1,25.5617
4752.mp4,-1,-1,40.1528
6117.mp4,-1,-1,55.7127
309.mp4,-1,-1,66.8709
3698.mp4,-1,-1,45.7977
4718.mp4,-1,-1,44.3307
5997.mp4,-1,-1,40.4859
4596.mp4,-1,-1,61.2152
5547.mp4,-1,-1,22.7992
863.mp4,-1,-1,61.4563
613.mp4,-1,-1,51.7005
4854.mp4,-1,-1,49.6883
5794.mp4,-1,-1,30.5919
285.mp4,-1,-1,72.2602
4749.mp4,-1,-1,44.9885
1468.mp4,-1,-1,30.9126
2701.mp4,-1,-1,39.1726
573.mp4,-1,-1,49.8456
3311.mp4,-1,-1,60.9374
4102.mp4,-1,-1,59.2609
2366.mp4,-1,-1,60.9653
3313.mp4,-1,-1,48.517
3853.mp4,-1,-1,48.2271
924.mp4,-1,-1,40.8133
5914.mp4,-1,-1,65.481
2291.mp4,-1,-1,60.4353
4044.mp4,-1,-1,55.6188
5372.mp4,-1,-1,51.1182
59.mp4,-1,-1,47.2121
3629.mp4,-1,-1,35.5202
2406.mp4,-1,-1,58.1291
1065.mp4,-1,-1,49.8807
5423.mp4,-1,-1,18.6773
1751.mp4,-1,-1,45.4017
3210.mp4,-1,-1,66.3513
5665.mp4,-1,-1,57.2476
5234.mp4,-1,-1,44.8983
2345.mp4,-1,-1,57.6565
1278.mp4,-1,-1,59.385
5545.mp4,-1,-1,57.4566
2082.mp4,-1,-1,60.1273
1294.mp4,-1,-1,52.7846
1790.mp4,-1,-1,59.1824
1478.mp4,-1,-1,54.2281
5350.mp4,-1,-1,59.0296
2447.mp4,-1,-1,59.9578
1611.mp4,-1,-1,37.2184
1610.mp4,-1,-1,61.0782
2364.mp4,-1,-1,48.2164
5572.mp4,-1,-1,57.2488
4.mp4,-1,-1,65.3133
4543.mp4,-1,-1,47.1603
797.mp4,-1,-1,55.9877
4747.mp4,-1,-1,38.9754
3987.mp4,-1,-1,55.1837
6019.mp4,-1,-1,50.0981
5696.mp4,-1,-1,56.9106
1599.mp4,-1,-1,60.355
3983.mp4,-1,-1,26.5833
5604.mp4,-1,-1,51.633
2206.mp4,-1,-1,50.8204
597.mp4,-1,-1,46.7673
504.mp4,-1,-1,60.6118
463.mp4,-1,-1,32.8294
880.mp4,-1,-1,53.1179
1618.mp4,-1,-1,46.1785
42.mp4,-1,-1,53.8482
1812.mp4,-1,-1,53.6093
3969.mp4,-1,-1,42.4878
1556.mp4,-1,-1,47.5818
2930.mp4,-1,-1,58.2562
3398.mp4,-1,-1,55.5028
3544.mp4,-1,-1,37.223
5254.mp4,-1,-1,49.4224
2395.mp4,-1,-1,68.2489
1630.mp4,-1,-1,42.7593
1584.mp4,-1,-1,60.3268
4607.mp4,-1,-1,56.6499
1018.mp4,-1,-1,51.0889
2313.mp4,-1,-1,46.9101
5981.mp4,-1,-1,54.9775
1734.mp4,-1,-1,41.037
404.mp4,-1,-1,22.1198
2646.mp4,-1,-1,30.6967
259.mp4,-1,-1,61.6561
5061.mp4,-1,-1,38.7528
418.mp4,-1,-1,62.1586
21.mp4,-1,-1,44.5901
3770.mp4,-1,-1,42.8844
232.mp4,-1,-1,64.9665
2452.mp4,-1,-1,35.1983
5291.mp4,-1,-1,35.9732
6033.mp4,-1,-1,23.6723
2488.mp4,-1,-1,69.2812
5194.mp4,-1,-1,47.0654
2729.mp4,-1,-1,48.084
823.mp4,-1,-1,49.9485
1941.mp4,-1,-1,52.4293
1074.mp4,-1,-1,53.9313
1488.mp4,-1,-1,58.5571
5974.mp4,-1,-1,50.4437
3141.mp4,-1,-1,66.4195
3804.mp4,-1,-1,52.6641
2786.mp4,-1,-1,53.1888
3612.mp4,-1,-1,67.3222
3435.mp4,-1,-1,38.3475
2649.mp4,-1,-1,62.4253
3825.mp4,-1,-1,23.6815
4872.mp4,-1,-1,28.9343
115.mp4,-1,-1,20.3306
4476.mp4,-1,-1,47.3673
841.mp4,-1,-1,49.7506
442.mp4,-1,-1,47.478
5044.mp4,-1,-1,43.3806
5673.mp4,-1,-1,19.4516
3865.mp4,-1,-1,39.5128
2280.mp4,-1,-1,68.6213
4781.mp4,-1,-1,55.399
6226.mp4,-1,-1,44.0431
5426.mp4,-1,-1,48.8094
6277.mp4,-1,-1,25.1924
3163.mp4,-1,-1,52.5993
2292.mp4,-1,-1,43.0121
4537.mp4,-1,-1,54.9943
5022.mp4,-1,-1,54.9774
3072.mp4,-1,-1,60.8802
2237.mp4,-1,-1,45.4103
3959.mp4,-1,-1,39.1249
1988.mp4,-1,-1,66.7463
6181.mp4,-1,-1,66.1047
4565.mp4,-1,-1,60.1421
410.mp4,-1,-1,45.0335
5228.mp4,-1,-1,54.1404
2489.mp4,-1,-1,42.3999
3982.mp4,-1,-1,40.9559
3291.mp4,-1,-1,56.9623
3625.mp4,-1,-1,46.9445
1479.mp4,-1,-1,54.3513
2534.mp4,-1,-1,54.9493
1821.mp4,-1,-1,53.5598
3823.mp4,-1,-1,44.4917
4034.mp4,-1,-1,63.2199
614.mp4,-1,-1,57.1004
6234.mp4,-1,-1,62.5308
942.mp4,-1,-1,47.6422
3449.mp4,-1,-1,30.6989
777.mp4,-1,-1,60.5153
4361.mp4,-1,-1,48.7224
3465.mp4,-1,-1,53.977
6230.mp4,-1,-1,25.4602
3180.mp4,-1,-1,23.7897
5573.mp4,-1,-1,51.4048
5700.mp4,-1,-1,48.9245
3600.mp4,-1,-1,51.4963
5948.mp4,-1,-1,63.0956
629.mp4,-1,-1,65.0708
4052.mp4,-1,-1,61.5751
2426.mp4,-1,-1,64.9138
2461.mp4,-1,-1,56.5977
2022.mp4,-1,-1,65.2305
476.mp4,-1,-1,58.0427
386.mp4,-1,-1,37.1438
4986.mp4,-1,-1,66.2382
6037.mp4,-1,-1,61.3841
2689.mp4,-1,-1,66.0052
4074.mp4,-1,-1,54.4793
5984.mp4,-1,-1,44.0294
680.mp4,-1,-1,48.1597
4690.mp4,-1,-1,58.0779
1747.mp4,-1,-1,52.2993
2601.mp4,-1,-1,52.9635
4449.mp4,-1,-1,62.2837
4448.mp4,-1,-1,50.2836
2222.mp4,-1,-1,36.2898
3209.mp4,-1,-1,59.3276
5654.mp4,-1,-1,49.9634
2496.mp4,-1,-1,47.4345
5711.mp4,-1,-1,30.716
5029.mp4,-1,-1,51.5933
1871.mp4,-1,-1,60.001
4960.mp4,-1,-1,57.0533
946.mp4,-1,-1,57.5611
859.mp4,-1,-1,72.1491
625.mp4,-1,-1,40.6285
3887.mp4,-1,-1,49.5773
1574.mp4,-1,-1,55.529
3185.mp4,-1,-1,30.9351
4296.mp4,-1,-1,41.9444
1635.mp4,-1,-1,46.7059
1367.mp4,-1,-1,42.4086
4868.mp4,-1,-1,42.3849
4224.mp4,-1,-1,54.3483
6099.mp4,-1,-1,47.451
1405.mp4,-1,-1,66.06
2374.mp4,-1,-1,58.9134
4372.mp4,-1,-1,54.5964
3657.mp4,-1,-1,46.1836
4811.mp4,-1,-1,35.8509
2643.mp4,-1,-1,39.48
376.mp4,-1,-1,55.6153
2536.mp4,-1,-1,59.929
3159.mp4,-1,-1,61.7003
2158.mp4,-1,-1,51.6891
6014.mp4,-1,-1,29.1444
3905.mp4,-1,-1,67.337
1966.mp4,-1,-1,63.0632
5435.mp4,-1,-1,70.3986
1361.mp4,-1,-1,46.4104
4121.mp4,-1,-1,48.7509
4348.mp4,-1,-1,47.1936
682.mp4,-1,-1,64.808
3241.mp4,-1,-1,22.3678
2593.mp4,-1,-1,44.9589
2482.mp4,-1,-1,61.8088
1920.mp4,-1,-1,62.2321
4130.mp4,-1,-1,56.7854
5543.mp4,-1,-1,49.9576
831.mp4,-1,-1,36.1703
6022.mp4,-1,-1,47.2373
2731.mp4,-1,-1,63.7781
5887.mp4,-1,-1,36.4065
587.mp4,-1,-1,15.1462
1541.mp4,-1,-1,43.7796
4013.mp4,-1,-1,31.9784
2246.mp4,-1,-1,35.1277
5401.mp4,-1,-1,37.789
3457.mp4,-1,-1,46.9365
513.mp4,-1,-1,31.0302
4506.mp4,-1,-1,48.3769
641.mp4,-1,-1,59.2823
763.mp4,-1,-1,32.3022
2478.mp4,-1,-1,35.6126
2516.mp4,-1,-1,57.7077
2743.mp4,-1,-1,33.9808
5919.mp4,-1,-1,67.1045
2902.mp4,-1,-1,61.4119
5420.mp4,-1,-1,63.1434
6077.mp4,-1,-1,65.2286
2240.mp4,-1,-1,39.7237
1767.mp4,-1,-1,50.7548
2333.mp4,-1,-1,35.8101
5656.mp4,-1,-1,43.4798
1414.mp4,-1,-1,43.7646
480.mp4,-1,-1,49.5244
215.mp4,-1,-1,46.5422
3537.mp4,-1,-1,46.9179
254.mp4,-1,-1,58.186
5436.mp4,-1,-1,33.5416
1331.mp4,-1,-1,47.8449
1095.mp4,-1,-1,58.4878
4974.mp4,-1,-1,41.7711
2733.mp4,-1,-1,27.681
3809.mp4,-1,-1,33.3556
4339.mp4,-1,-1,52.9614
1609.mp4,-1,-1,53.38
2800.mp4,-1,-1,64.8943
3745.mp4,-1,-1,58.6449
4338.mp4,-1,-1,49.1566
328.mp4,-1,-1,37.1871
5987.mp4,-1,-1,53.521
5558.mp4,-1,-1,41.5071
1225.mp4,-1,-1,49.0935
2421.mp4,-1,-1,37.9227
3627.mp4,-1,-1,67.9696
5409.mp4,-1,-1,39.3987
1098.mp4,-1,-1,72.7224
3358.mp4,-1,-1,59.8363
1474.mp4,-1,-1,31.9326
2663.mp4,-1,-1,48.1659
1863.mp4,-1,-1,40.6321
2262.mp4,-1,-1,33.2049
4083.mp4,-1,-1,48.2636
3078.mp4,-1,-1,41.7697
1769.mp4,-1,-1,21.7569
4497.mp4,-1,-1,52.0722
2298.mp4,-1,-1,43.1368
2008.mp4,-1,-1,46.4952
2247.mp4,-1,-1,38.9792
5002.mp4,-1,-1,36.0607
3405.mp4,-1,-1,30.2056
3278.mp4,-1,-1,69.7723
4757.mp4,-1,-1,42.729
2117.mp4,-1,-1,48.4242
1283.mp4,-1,-1,65.8788
4642.mp4,-1,-1,43.651
1045.mp4,-1,-1,59.5554
5346.mp4,-1,-1,61.9464
1705.mp4,-1,-1,19.7917
3331.mp4,-1,-1,39.0417
3376.mp4,-1,-1,60.8837
758.mp4,-1,-1,38.0282
5970.mp4,-1,-1,66.1823
5205.mp4,-1,-1,39.921
1057.mp4,-1,-1,51.8526
3783.mp4,-1,-1,22.6562
6060.mp4,-1,-1,48.9539
3519.mp4,-1,-1,50.2999
5944.mp4,-1,-1,35.7207
1316.mp4,-1,-1,33.737
539.mp4,-1,-1,27.9839
145.mp4,-1,-1,61.8049
838.mp4,-1,-1,51.806
3909.mp4,-1,-1,62.3541
1650.mp4,-1,-1,51.9402
5113.mp4,-1,-1,47.1453
6187.mp4,-1,-1,58.8637
2698.mp4,-1,-1,22.6333
4075.mp4,-1,-1,42.6775
4570.mp4,-1,-1,52.1718
114.mp4,-1,-1,35.1684
908.mp4,-1,-1,39.0186
465.mp4,-1,-1,48.9149
6170.mp4,-1,-1,60.7877
565.mp4,-1,-1,59.623
3027.mp4,-1,-1,53.752
3181.mp4,-1,-1,35.2208
1538.mp4,-1,-1,65.9967
3160.mp4,-1,-1,27.1156
2187.mp4,-1,-1,46.0516
1451.mp4,-1,-1,58.8156
4539.mp4,-1,-1,62.2316
6269.mp4,-1,-1,45.6432
2191.mp4,-1,-1,59.9649
2267.mp4,-1,-1,50.7209
2752.mp4,-1,-1,64.2728
1171.mp4,-1,-1,51.7299
6131.mp4,-1,-1,29.9646
1099.mp4,-1,-1,52.8217
2838.mp4,-1,-1,55.3328
5641.mp4,-1,-1,33.1141
327.mp4,-1,-1,44.4598
701.mp4,-1,-1,64.6807
2437.mp4,-1,-1,64.1293
1877.mp4,-1,-1,59.1412
2647.mp4,-1,-1,61.7816
1890.mp4,-1,-1,47.7097
4197.mp4,-1,-1,32.1011
4360.mp4,-1,-1,52.6115
2442.mp4,-1,-1,68.8279
1582.mp4,-1,-1,69.2309
932.mp4,-1,-1,55.8978
1088.mp4,-1,-1,45.0985
3634.mp4,-1,-1,32.3282
1810.mp4,-1,-1,53.5309
746.mp4,-1,-1,50.9105
2617.mp4,-1,-1,50.7998
5074.mp4,-1,-1,51.1204
2070.mp4,-1,-1,61.8211
5659.mp4,-1,-1,58.4666
4896.mp4,-1,-1,57.59
4669.mp4,-1,-1,66.1156
2518.mp4,-1,-1,48.5339
3323.mp4,-1,-1,51.2145
322.mp4,-1,-1,64.4801
4625.mp4,-1,-1,57.4477
1022.mp4,-1,-1,41.3286
246.mp4,-1,-1,39.3347
423.mp4,-1,-1,68.4672
156.mp4,-1,-1,53.8705
6177.mp4,-1,-1,65.0273
4200.mp4,-1,-1,32.5966
2146.mp4,-1,-1,60.158
2746.mp4,-1,-1,49.9522
2906.mp4,-1,-1,48.6281
5957.mp4,-1,-1,53.91
5834.mp4,-1,-1,63.8129
1184.mp4,-1,-1,68.098
2042.mp4,-1,-1,52.6346
3252.mp4,-1,-1,66.6713
4453.mp4,-1,-1,56.4736
317.mp4,-1,-1,64.7321
886.mp4,-1,-1,47.4628
3739.mp4,-1,-1,60.387
5060.mp4,-1,-1,55.0226
390.mp4,-1,-1,52.6736
5290.mp4,-1,-1,69.3909
183.mp4,-1,-1,62.1075
4940.mp4,-1,-1,61.4731
2347.mp4,-1,-1,47.2702
1105.mp4,-1,-1,52.2578
1415.mp4,-1,-1,38.4439
3586.mp4,-1,-1,52.8196
2288.mp4,-1,-1,58.1804
1681.mp4,-1,-1,36.4755
1229.mp4,-1,-1,49.3954
6248.mp4,-1,-1,46.2047
6166.mp4,-1,-1,61.1362
5855.mp4,-1,-1,68.0759
4043.mp4,-1,-1,48.3172
5850.mp4,-1,-1,68.7241
3196.mp4,-1,-1,64.3939
2702.mp4,-1,-1,23.3906
916.mp4,-1,-1,36.6139
2521.mp4,-1,-1,41.3243
3817.mp4,-1,-1,66.1151
1326.mp4,-1,-1,45.402
4176.mp4,-1,-1,52.1881
5053.mp4,-1,-1,39.1179
4789.mp4,-1,-1,41.799
4221.mp4,-1,-1,54.5395
2091.mp4,-1,-1,54.7406
2049.mp4,-1,-1,36.9451
5151.mp4,-1,-1,33.7018
4695.mp4,-1,-1,60.2357
4562.mp4,-1,-1,67.3827
4598.mp4,-1,-1,44.9798
2415.mp4,-1,-1,47.4416
5099.mp4,-1,-1,38.3232
5479.mp4,-1,-1,62.9093
2433.mp4,-1,-1,46.3253
1770.mp4,-1,-1,53.7922
5884.mp4,-1,-1,50.9209
3930.mp4,-1,-1,73.1786
662.mp4,-1,-1,44.7397
5122.mp4,-1,-1,62.6353
57.mp4,-1,-1,64.0249
4243.mp4,-1,-1,54.022
4105.mp4,-1,-1,34.8932
3401.mp4,-1,-1,39.6943
5125.mp4,-1,-1,56.1597
1010.mp4,-1,-1,51.0846
4947.mp4,-1,-1,53.2841
4394.mp4,-1,-1,50.0544
3973.mp4,-1,-1,54.4714
4621.mp4,-1,-1,64.2142
4354.mp4,-1,-1,47.8443
1014.mp4,-1,-1,56.67
4604.mp4,-1,-1,42.5449
1298.mp4,-1,-1,60.7194
3140.mp4,-1,-1,52.8808
3071.mp4,-1,-1,33.6659
4761.mp4,-1,-1,42.1474
3473.mp4,-1,-1,48.3602
4681.mp4,-1,-1,41.2008
4004.mp4,-1,-1,67.4161
2310.mp4,-1,-1,44.6255
754.mp4,-1,-1,59.0629
5315.mp4,-1,-1,61.064
2942.mp4,-1,-1,63.5362
461.mp4,-1,-1,53.9375
4237.mp4,-1,-1,29.8483
4786.mp4,-1,-1,34.9144
4886.mp4,-1,-1,59.1669
6195.mp4,-1,-1,39.7584
5661.mp4,-1,-1,42.3667
2967.mp4,-1,-1,30.3709
2629.mp4,-1,-1,59.2633
271.mp4,-1,-1,50.4052
1801.mp4,-1,-1,49.764
1115.mp4,-1,-1,54.4111
842.mp4,-1,-1,66.5146
3433.mp4,-1,-1,30.9575
2089.mp4,-1,-1,40.1767
3616.mp4,-1,-1,31.4314
4146.mp4,-1,-1,55.0668
705.mp4,-1,-1,43.6218
936.mp4,-1,-1,26.9867
1486.mp4,-1,-1,30.247
4416.mp4,-1,-1,45.6425
826.mp4,-1,-1,15.5671
1997.mp4,-1,-1,66.3221
5453.mp4,-1,-1,66.1291
1460.mp4,-1,-1,46.9768
3654.mp4,-1,-1,59.1134
3995.mp4,-1,-1,57.3577
2055.mp4,-1,-1,34.8003
6021.mp4,-1,-1,52.3507
3971.mp4,-1,-1,67.7506
4297.mp4,-1,-1,52.2766
4531.mp4,-1,-1,45.4425
4495.mp4,-1,-1,56.3202
3512.mp4,-1,-1,53.1853
655.mp4,-1,-1,55.1777
2814.mp4,-1,-1,61.0991
4660.mp4,-1,-1,53.2416
5501.mp4,-1,-1,60.1117
4522.mp4,-1,-1,48.2413
5006.mp4,-1,-1,62.488
2724.mp4,-1,-1,42.6462
4439.mp4,-1,-1,49.9435
2118.mp4,-1,-1,52.6579
798.mp4,-1,-1,45.7272
679.mp4,-1,-1,59.774
2569.mp4,-1,-1,32.2443
4507.mp4,-1,-1,39.7545
4647.mp4,-1,-1,46.3023
1267.mp4,-1,-1,44.5538
3337.mp4,-1,-1,49.6843
4115.mp4,-1,-1,24.9338
2120.mp4,-1,-1,40.7641
297.mp4,-1,-1,36.3495
5730.mp4,-1,-1,37.4094
5470.mp4,-1,-1,53.0077
1742.mp4,-1,-1,68.9446
1166.mp4,-1,-1,50.6476
5165.mp4,-1,-1,42.6171
2674.mp4,-1,-1,61.4569
2375.mp4,-1,-1,42.8691
5756.mp4,-1,-1,58.1808
1111.mp4,-1,-1,69.2488
4858.mp4,-1,-1,57.1309
4792.mp4,-1,-1,47.7243
1806.mp4,-1,-1,66.6037
5638.mp4,-1,-1,48.3763
3214.mp4,-1,-1,71.348
3958.mp4,-1,-1,24.4703
4685.mp4,-1,-1,51.6737
5430.mp4,-1,-1,60.0199
2348.mp4,-1,-1,54.8156
1423.mp4,-1,-1,62.447
1297.mp4,-1,-1,42.2591
100.mp4,-1,-1,56.4434
5646.mp4,-1,-1,53.5753
3941.mp4,-1,-1,45.2452
1492.mp4,-1,-1,68.054
5241.mp4,-1,-1,51.0052
2791.mp4,-1,-1,28.6035
5693.mp4,-1,-1,65.6408
1052.mp4,-1,-1,42.5391
4711.mp4,-1,-1,59.9714
1728.mp4,-1,-1,66.9461
3516.mp4,-1,-1,40.9355
5444.mp4,-1,-1,44.8028
3521.mp4,-1,-1,64.7455
3194.mp4,-1,-1,65.2442
4580.mp4,-1,-1,63.0669
2388.mp4,-1,-1,58.7693
3255.mp4,-1,-1,56.8454
6235.mp4,-1,-1,73.08
2925.mp4,-1,-1,61.0383
3234.mp4,-1,-1,44.2277
2572.mp4,-1,-1,55.5435
5227.mp4,-1,-1,54.7768
5798.mp4,-1,-1,64.479
1528.mp4,-1,-1,62.1921
529.mp4,-1,-1,50.9445
2911.mp4,-1,-1,37.947
5461.mp4,-1,-1,59.8291
3843.mp4,-1,-1,43.3651
3695.mp4,-1,-1,64.3028
2769.mp4,-1,-1,32.0393
488.mp4,-1,-1,51.6531
6122.mp4,-1,-1,38.401
3896.mp4,-1,-1,67.0469
220.mp4,-1,-1,71.3839
4437.mp4,-1,-1,44.1635
2142.mp4,-1,-1,52.4154
4178.mp4,-1,-1,52.6441
3648.mp4,-1,-1,56.3226
981.mp4,-1,-1,57.3737
2357.mp4,-1,-1,41.8532
6261.mp4,-1,-1,57.6746
3328.mp4,-1,-1,33.455
1421.mp4,-1,-1,44.751
5689.mp4,-1,-1,45.9998
5902.mp4,-1,-1,52.9096
3304.mp4,-1,-1,63.2
2301.mp4,-1,-1,24.5382
789.mp4,-1,-1,73.498
605.mp4,-1,-1,47.0525
130.mp4,-1,-1,50.7043
5202.mp4,-1,-1,53.9264
3892.mp4,-1,-1,59.862
4712.mp4,-1,-1,51.0455
3713.mp4,-1,-1,53.3552
1042.mp4,-1,-1,64.8162
2598.mp4,-1,-1,51.0848
1592.mp4,-1,-1,35.4826
2014.mp4,-1,-1,22.2533
6104.mp4,-1,-1,37.4867
3974.mp4,-1,-1,37.1938
4549.mp4,-1,-1,51.5584
5188.mp4,-1,-1,60.5182
5754.mp4,-1,-1,65.5585
2244.mp4,-1,-1,54.1237
2308.mp4,-1,-1,58.7557
5766.mp4,-1,-1,36.6586
6028.mp4,-1,-1,58.3127
5502.mp4,-1,-1,37.7862
6039.mp4,-1,-1,57.4796
2507.mp4,-1,-1,47.703
1862.mp4,-1,-1,26.9243
2657.mp4,-1,-1,56.6135
745.mp4,-1,-1,54.9581
1387.mp4,-1,-1,44.6997
6143.mp4,-1,-1,68.8641
3150.mp4,-1,-1,59.4512
5283.mp4,-1,-1,57.5489
3621.mp4,-1,-1,47.0324
368.mp4,-1,-1,35.8901
6214.mp4,-1,-1,27.6466
1771.mp4,-1,-1,36.6621
2923.mp4,-1,-1,34.6485
1701.mp4,-1,-1,74.1312
697.mp4,-1,-1,30.98
5319.mp4,-1,-1,56.9732
4076.mp4,-1,-1,58.3495
2038.mp4,-1,-1,34.9837
5010.mp4,-1,-1,70.5311
1219.mp4,-1,-1,60.6901
120.mp4,-1,-1,54.2958
2179.mp4,-1,-1,53.2354
3690.mp4,-1,-1,57.6672
1223.mp4,-1,-1,52.3815
2776.mp4,-1,-1,53.1744
2312.mp4,-1,-1,53.5824
1308.mp4,-1,-1,42.3422
268.mp4,-1,-1,56.597
4403.mp4,-1,-1,48.0013
1402.mp4,-1,-1,57.8197
2937.mp4,-1,-1,59.757
5710.mp4,-1,-1,35.8745
3715.mp4,-1,-1,54.6322
5577.mp4,-1,-1,61.1704
4193.mp4,-1,-1,67.9114
3502.mp4,-1,-1,41.2766
5983.mp4,-1,-1,65.5599
6054.mp4,-1,-1,33.0026
4080.mp4,-1,-1,33.9339
4841.mp4,-1,-1,56.6404
1328.mp4,-1,-1,67.5687
769.mp4,-1,-1,50.0462
391.mp4,-1,-1,47.0597
1870.mp4,-1,-1,31.1239
5741.mp4,-1,-1,64.3869
4272.mp4,-1,-1,27.4438
5783.mp4,-1,-1,56.4547
3268.mp4,-1,-1,59.6184
6123.mp4,-1,-1,56.9374
5824.mp4,-1,-1,63.3675
5358.mp4,-1,-1,51.8192
4413.mp4,-1,-1,49.4867
5605.mp4,-1,-1,48.845
1529.mp4,-1,-1,70.3262
5903.mp4,-1,-1,53.739
1251.mp4,-1,-1,66.9711
560.mp4,-1,-1,52.2247
1296.mp4,-1,-1,46.3363
1061.mp4,-1,-1,46.2793
5591.mp4,-1,-1,30.4945
1085.mp4,-1,-1,52.6138
2670.mp4,-1,-1,26.6962
3789.mp4,-1,-1,47.5855
4990.mp4,-1,-1,54.5432
2194.mp4,-1,-1,47.9533
2765.mp4,-1,-1,63.2656
4508.mp4,-1,-1,53.6778
6098.mp4,-1,-1,34.1302
743.mp4,-1,-1,52.6835
1038.mp4,-1,-1,60.2752
4059.mp4,-1,-1,56.7554
1372.mp4,-1,-1,55.2623
1819.mp4,-1,-1,73.3093
2976.mp4,-1,-1,42.3956
1348.mp4,-1,-1,52.8558
1355.mp4,-1,-1,67.7327
6087.mp4,-1,-1,53.2128
1912.mp4,-1,-1,64.5991
1266.mp4,-1,-1,38.3853
2595.mp4,-1,-1,58.9455
5361.mp4,-1,-1,63.6566
1740.mp4,-1,-1,48.768
4165.mp4,-1,-1,67.2055
1109.mp4,-1,-1,71.3575
1159.mp4,-1,-1,63.3395
2196.mp4,-1,-1,48.9722
2016.mp4,-1,-1,60.6451
4702.mp4,-1,-1,46.0461
1942.mp4,-1,-1,65.3543
3999.mp4,-1,-1,38.4268
4664.mp4,-1,-1,34.465
5869.mp4,-1,-1,64.8796
3153.mp4,-1,-1,36.2098
806.mp4,-1,-1,63.2936
1928.mp4,-1,-1,22.9223
2529.mp4,-1,-1,66.4487
284.mp4,-1,-1,39.2266
4274.mp4,-1,-1,57.3765
47.mp4,-1,-1,22.611
3237.mp4,-1,-1,17.9945
282.mp4,-1,-1,31.425
4942.mp4,-1,-1,61.3403
1909.mp4,-1,-1,64.5974
633.mp4,-1,-1,58.5594
3472.mp4,-1,-1,69.6034
133.mp4,-1,-1,63.2441
6201.mp4,-1,-1,31.6851
910.mp4,-1,-1,55.2869
996.mp4,-1,-1,65.82
1971.mp4,-1,-1,40.4187
3642.mp4,-1,-1,50.9651
2602.mp4,-1,-1,37.6135
2844.mp4,-1,-1,65.5892
2476.mp4,-1,-1,58.8733
3270.mp4,-1,-1,34.3036
5733.mp4,-1,-1,54.6643
106.mp4,-1,-1,66.4913
1953.mp4,-1,-1,49.037
4852.mp4,-1,-1,42.1839
5462.mp4,-1,-1,27.5241
1676.mp4,-1,-1,50.405
430.mp4,-1,-1,56.2777
1380.mp4,-1,-1,56.2646
5309.mp4,-1,-1,62.3146
550.mp4,-1,-1,57.746
2405.mp4,-1,-1,50.8173
2952.mp4,-1,-1,68.351
4675.mp4,-1,-1,41.6491
5864.mp4,-1,-1,68.6415
2069.mp4,-1,-1,62.8858
4180.mp4,-1,-1,63.5745
874.mp4,-1,-1,55.8408
3195.mp4,-1,-1,48.0741
2783.mp4,-1,-1,47.1758
1212.mp4,-1,-1,70.3979
326.mp4,-1,-1,66.862
4410.mp4,-1,-1,52.3693
2718.mp4,-1,-1,44.4617
2019.mp4,-1,-1,39.5133
5284.mp4,-1,-1,50.1354
2596.mp4,-1,-1,66.4622
678.mp4,-1,-1,45.2615
5288.mp4,-1,-1,62.2138
556.mp4,-1,-1,49.4209
1127.mp4,-1,-1,47.6048
2861.mp4,-1,-1,69.371
5331.mp4,-1,-1,54.7574
6053.mp4,-1,-1,46.8252
3198.mp4,-1,-1,30.1718
2899.mp4,-1,-1,58.6655
4687.mp4,-1,-1,40.375
2391.mp4,-1,-1,41.1073
4431.mp4,-1,-1,28.021
6232.mp4,-1,-1,37.7011
5359.mp4,-1,-1,41.2313
5760.mp4,-1,-1,66.2749
1653.mp4,-1,-1,32.136
5015.mp4,-1,-1,41.4449
970.mp4,-1,-1,41.6433
3459.mp4,-1,-1,39.9334
5478.mp4,-1,-1,43.9523
601.mp4,-1,-1,67.8893
3065.mp4,-1,-1,45.5874
3603.mp4,-1,-1,65.4465
6162.mp4,-1,-1,40.8333
1459.mp4,-1,-1,28.6259
250.mp4,-1,-1,67.3159
2974.mp4,-1,-1,50.2792
3691.mp4,-1,-1,25.2537
5381.mp4,-1,-1,54.6601
3872.mp4,-1,-1,55.5411
1322.mp4,-1,-1,61.1538
4564.mp4,-1,-1,30.497
5009.mp4,-1,-1,31.2865
1191.mp4,-1,-1,38.1234
2830.mp4,-1,-1,45.8248
3880.mp4,-1,-1,61.8173
1578.mp4,-1,-1,24.9218
4018.mp4,-1,-1,43.5476
2093.mp4,-1,-1,61.7337
1.mp4,-1,-1,33.6673
653.mp4,-1,-1,48.6021
4715.mp4,-1,-1,42.8048
3263.mp4,-1,-1,37.9907
434.mp4,-1,-1,43.3038
3157.mp4,-1,-1,47.85
4917.mp4,-1,-1,63.2031
1656.mp4,-1,-1,64.7883
2707.mp4,-1,-1,48.1913
5891.mp4,-1,-1,33.6406
4686.mp4,-1,-1,59.3396
5261.mp4,-1,-1,30.0633
3109.mp4,-1,-1,35.0924
2168.mp4,-1,-1,56.7817
1876.mp4,-1,-1,43.9637
5913.mp4,-1,-1,19.789
4790.mp4,-1,-1,54.5682
2583.mp4,-1,-1,50.9033
6160.mp4,-1,-1,42.6631
2174.mp4,-1,-1,69.125
3663.mp4,-1,-1,40.552
5187.mp4,-1,-1,51.8487
5135.mp4,-1,-1,63.0618
599.mp4,-1,-1,50.0437
5341.mp4,-1,-1,33.0994
4436.mp4,-1,-1,37.4488
2143.mp4,-1,-1,69.5373
1393.mp4,-1,-1,57.8385
5162.mp4,-1,-1,59.0901
3831.mp4,-1,-1,46.6541
4278.mp4,-1,-1,42.8648
1695.mp4,-1,-1,46.6212
2541.mp4,-1,-1,39.3456
2890.mp4,-1,-1,39.1902
4071.mp4,-1,-1,38.305
500.mp4,-1,-1,71.6868
792.mp4,-1,-1,50.0321
135.mp4,-1,-1,30.6697
2810.mp4,-1,-1,28.3914
704.mp4,-1,-1,65.184
5589.mp4,-1,-1,40.9474
1560.mp4,-1,-1,52.8819
1167.mp4,-1,-1,36.7946
3189.mp4,-1,-1,56.2378
2112.mp4,-1,-1,44.5208
5555.mp4,-1,-1,67.7676
4048.mp4,-1,-1,39.4459
3307.mp4,-1,-1,69.6214
3106.mp4,-1,-1,47.5702
6254.mp4,-1,-1,62.536
1518.mp4,-1,-1,33.8162
1766.mp4,-1,-1,34.1422
1603.mp4,-1,-1,66.5686
790.mp4,-1,-1,68.6643
2154.mp4,-1,-1,52.25
2875.mp4,-1,-1,52.9984
3626.mp4,-1,-1,69.3222
2633.mp4,-1,-1,39.2732
6100.mp4,-1,-1,58.3511
2148.mp4,-1,-1,62.7193
2213.mp4,-1,-1,48.0696
231.mp4,-1,-1,44.9475
3623.mp4,-1,-1,33.9603
5900.mp4,-1,-1,53.8476
802.mp4,-1,-1,52.164
846.mp4,-1,-1,56.7816
6040.mp4,-1,-1,44.7392
5480.mp4,-1,-1,67.3057
2712.mp4,-1,-1,52.0269
4771.mp4,-1,-1,41.9138
4192.mp4,-1,-1,63.2121
2017.mp4,-1,-1,53.4007
2425.mp4,-1,-1,55.6718
3372.mp4,-1,-1,63.9618
810.mp4,-1,-1,50.9008
733.mp4,-1,-1,48.8113
4235.mp4,-1,-1,56.9994
1689.mp4,-1,-1,34.3708
3143.mp4,-1,-1,29.7981
5598.mp4,-1,-1,49.9158
577.mp4,-1,-1,50.0246
3680.mp4,-1,-1,61.8509
1029.mp4,-1,-1,65.4472
1020.mp4,-1,-1,67.3984
5402.mp4,-1,-1,70.3976
4129.mp4,-1,-1,67.494
1392.mp4,-1,-1,69.0166
1165.mp4,-1,-1,35.3486
233.mp4,-1,-1,61.2904
967.mp4,-1,-1,27.9494
3769.mp4,-1,-1,57.4586
1340.mp4,-1,-1,52.5141
4916.mp4,-1,-1,43.1667
1265.mp4,-1,-1,41.9583
2343.mp4,-1,-1,57.5256
5021.mp4,-1,-1,42.086
1678.mp4,-1,-1,49.0493
349.mp4,-1,-1,36.3178
6239.mp4,-1,-1,66.2864
5534.mp4,-1,-1,60.034
5110.mp4,-1,-1,42.2773
783.mp4,-1,-1,42.2711
1310.mp4,-1,-1,44.4318
2033.mp4,-1,-1,58.2554
5687.mp4,-1,-1,60.2724
5005.mp4,-1,-1,55.9574
1773.mp4,-1,-1,33.9947
4461.mp4,-1,-1,30.3571
578.mp4,-1,-1,42.6804
1128.mp4,-1,-1,47.779
396.mp4,-1,-1,44.2289
497.mp4,-1,-1,47.7877
5731.mp4,-1,-1,27.3423
958.mp4,-1,-1,54.3523
1102.mp4,-1,-1,45.3909
420.mp4,-1,-1,37.0394
2736.mp4,-1,-1,57.0919
1397.mp4,-1,-1,55.0136
721.mp4,-1,-1,60.5311
4113.mp4,-1,-1,51.9621
2535.mp4,-1,-1,55.4363
3365.mp4,-1,-1,54.8746
2672.mp4,-1,-1,63.4461
2066.mp4,-1,-1,26.8151
117.mp4,-1,-1,51.4115
1485.mp4,-1,-1,38.2485
2837.mp4,-1,-1,55.2213
4826.mp4,-1,-1,63.3351
4623.mp4,-1,-1,53.9848
4504.mp4,-1,-1,53.4098
1108.mp4,-1,-1,65.2965
3549.mp4,-1,-1,48.0651
3998.mp4,-1,-1,63.1343
148.mp4,-1,-1,44.7447
4671.mp4,-1,-1,47.926
897.mp4,-1,-1,37.3393
3536.mp4,-1,-1,49.8478
5845.mp4,-1,-1,63.1985
3474.mp4,-1,-1,62.505
392.mp4,-1,-1,38.0497
4234.mp4,-1,-1,49.5753
2658.mp4,-1,-1,57.5593
4294.mp4,-1,-1,34.8762
3895.mp4,-1,-1,48.1899
4710.mp4,-1,-1,43.8764
1683.mp4,-1,-1,37.5659
1168.mp4,-1,-1,43.3892
496.mp4,-1,-1,23.7925
5752.mp4,-1,-1,62.5969
882.mp4,-1,-1,39.5224
1999.mp4,-1,-1,50.7158
1376.mp4,-1,-1,51.3291
235.mp4,-1,-1,59.9063
5378.mp4,-1,-1,56.5333
3443.mp4,-1,-1,50.1688
511.mp4,-1,-1,51.8062
3824.mp4,-1,-1,36.0397
3844.mp4,-1,-1,33.5255
2105.mp4,-1,-1,72.6989
833.mp4,-1,-1,72.1383
5355.mp4,-1,-1,50.4318
944.mp4,-1,-1,53.4343
4263.mp4,-1,-1,22.0854
3813.mp4,-1,-1,43.7056
5323.mp4,-1,-1,39.8673
607.mp4,-1,-1,35.2407
656.mp4,-1,-1,65.8741
6221.mp4,-1,-1,50.5948
1499.mp4,-1,-1,53.8131
3747.mp4,-1,-1,30.3935
5220.mp4,-1,-1,62.9842
3111.mp4,-1,-1,51.2462
1924.mp4,-1,-1,29.569
4284.mp4,-1,-1,49.3239
2045.mp4,-1,-1,46.0839
1094.mp4,-1,-1,56.7782
860.mp4,-1,-1,50.0695
2203.mp4,-1,-1,59.1245
2209.mp4,-1,-1,32.3728
5678.mp4,-1,-1,29.6171
3799.mp4,-1,-1,39.9866
277.mp4,-1,-1,47.8305
5746.mp4,-1,-1,40.8538
5586.mp4,-1,-1,59.9668
2520.mp4,-1,-1,65.9668
3805.mp4,-1,-1,47.8926
5115.mp4,-1,-1,39.6829
3760.mp4,-1,-1,54.1144
2959.mp4,-1,-1,59.6799
2274.mp4,-1,-1,45.1645
3460.mp4,-1,-1,41.5122
5576.mp4,-1,-1,28.0692
2853.mp4,-1,-1,36.7402
2561.mp4,-1,-1,38.5099
2248.mp4,-1,-1,47.9453
1152.mp4,-1,-1,62.8703
3363.mp4,-1,-1,39.1238
3245.mp4,-1,-1,61.896
3848.mp4,-1,-1,62.141
4815.mp4,-1,-1,56.0062
6.mp4,-1,-1,45.6444
2346.mp4,-1,-1,64.9824
33.mp4,-1,-1,47.4816
5995.mp4,-1,-1,57.8938
4379.mp4,-1,-1,44.9108
2900.mp4,-1,-1,34.5676
5498.mp4,-1,-1,74.6921
5100.mp4,-1,-1,31.0106
161.mp4,-1,-1,46.1126
3066.mp4,-1,-1,55.2075
5495.mp4,-1,-1,55.4824
2878.mp4,-1,-1,50.0259
3598.mp4,-1,-1,52.2462
1750.mp4,-1,-1,45.0261
5142.mp4,-1,-1,51.3196
5370.mp4,-1,-1,43.214
5424.mp4,-1,-1,36.1749
4530.mp4,-1,-1,59.6216
5348.mp4,-1,-1,63.0347
1003.mp4,-1,-1,35.1257
592.mp4,-1,-1,44.3747
5098.mp4,-1,-1,44.8684
4217.mp4,-1,-1,49.6
1214.mp4,-1,-1,20.6498
1815.mp4,-1,-1,42.477
377.mp4,-1,-1,38.44
4905.mp4,-1,-1,72.3262
3601.mp4,-1,-1,45.5064
1789.mp4,-1,-1,48.8099
6082.mp4,-1,-1,61.0616
4446.mp4,-1,-1,58.6311
1552.mp4,-1,-1,35.3963
485.mp4,-1,-1,50.2152
2653.mp4,-1,-1,49.9901
1147.mp4,-1,-1,52.5751
1426.mp4,-1,-1,25.0306
3904.mp4,-1,-1,44.0634
4934.mp4,-1,-1,52.0074
1873.mp4,-1,-1,58.9815
3149.mp4,-1,-1,56.5967
270.mp4,-1,-1,56.8667
2549.mp4,-1,-1,56.5427
5878.mp4,-1,-1,55.6751
6249.mp4,-1,-1,68.3975
4127.mp4,-1,-1,37.7112
3901.mp4,-1,-1,50.3517
35.mp4,-1,-1,33.2005
5588.mp4,-1,-1,53.4644
3341.mp4,-1,-1,68.9798
4357.mp4,-1,-1,58.8596
2597.mp4,-1,-1,64.0192
1353.mp4,-1,-1,41.5407
1449.mp4,-1,-1,59.6072
4922.mp4,-1,-1,49.3892
438.mp4,-1,-1,65.6965
2455.mp4,-1,-1,43.2378
5123.mp4,-1,-1,62.8393
4839.mp4,-1,-1,47.9401
925.mp4,-1,-1,26.2879
883.mp4,-1,-1,65.4736
492.mp4,-1,-1,32.5967
4491.mp4,-1,-1,60.2447
4559.mp4,-1,-1,59.6924
4807.mp4,-1,-1,59.0916
4428.mp4,-1,-1,51.9264
1302.mp4,-1,-1,56.1061
1680.mp4,-1,-1,54.2648
1015.mp4,-1,-1,73.515
2620.mp4,-1,-1,53.5447
1428.mp4,-1,-1,39.4312
1857.mp4,-1,-1,48.3741
5190.mp4,-1,-1,68.3611
575.mp4,-1,-1,39.0893
6144.mp4,-1,-1,47.5215
341.mp4,-1,-1,61.457
294.mp4,-1,-1,28.245
2002.mp4,-1,-1,38.1062
3129.mp4,-1,-1,36.5187
3041.mp4,-1,-1,45.5555
2309.mp4,-1,-1,60.5144
6174.mp4,-1,-1,42.7136
1436.mp4,-1,-1,36.1686
4435.mp4,-1,-1,50.8694
3315.mp4,-1,-1,62.7977
2243.mp4,-1,-1,35.301
5682.mp4,-1,-1,37.9953
3743.mp4,-1,-1,56.5038
5250.mp4,-1,-1,55.3889
478.mp4,-1,-1,64.9088
1356.mp4,-1,-1,58.586
5512.mp4,-1,-1,57.3744
4492.mp4,-1,-1,51.6668
5091.mp4,-1,-1,44.8929
3257.mp4,-1,-1,48.4889
1527.mp4,-1,-1,37.5028
3527.mp4,-1,-1,43.7531
4626.mp4,-1,-1,58.2498
5805.mp4,-1,-1,47.9023
1053.mp4,-1,-1,56.239
6185.mp4,-1,-1,17.7001
5170.mp4,-1,-1,53.9761
998.mp4,-1,-1,13.213
4658.mp4,-1,-1,56.7105
4191.mp4,-1,-1,69.3913
6167.mp4,-1,-1,61.4962
5563.mp4,-1,-1,40.2189
4164.mp4,-1,-1,40.6873
5822.mp4,-1,-1,68.9238
1704.mp4,-1,-1,55.8196
5556.mp4,-1,-1,43.3528
563.mp4,-1,-1,45.6071
2882.mp4,-1,-1,34.0262
2081.mp4,-1,-1,57.6454
3528.mp4,-1,-1,63.0076
5684.mp4,-1,-1,57.7452
4919.mp4,-1,-1,49.5196
1176.mp4,-1,-1,46.516
3204.mp4,-1,-1,41.5132
5606.mp4,-1,-1,57.5514
3222.mp4,-1,-1,45.9453
439.mp4,-1,-1,38.6544
1952.mp4,-1,-1,38.8969
3737.mp4,-1,-1,45.2888
6096.mp4,-1,-1,51.6362
1829.mp4,-1,-1,62.0042
3422.mp4,-1,-1,68.8489
2109.mp4,-1,-1,54.2292
4855.mp4,-1,-1,64.9696
5849.mp4,-1,-1,48.4662
2132.mp4,-1,-1,57.2993
5854.mp4,-1,-1,57.8719
6276.mp4,-1,-1,67.5673
3370.mp4,-1,-1,44.9366
4639.mp4,-1,-1,50.5897
1185.mp4,-1,-1,64.4454
3932.mp4,-1,-1,43.8767
4966.mp4,-1,-1,49.5523
3608.mp4,-1,-1,64.1902
303.mp4,-1,-1,38.3504
2160.mp4,-1,-1,64.0801
5533.mp4,-1,-1,68.5256
4770.mp4,-1,-1,51.7452
5270.mp4,-1,-1,63.1561
3490.mp4,-1,-1,57.3924
2789.mp4,-1,-1,55.5477
5929.mp4,-1,-1,67.045
3250.mp4,-1,-1,58.153
3535.mp4,-1,-1,48.171
5619.mp4,-1,-1,64.6324
1248.mp4,-1,-1,45.2944
2100.mp4,-1,-1,41.2541
5333.mp4,-1,-1,55.6984
3556.mp4,-1,-1,55.325
5925.mp4,-1,-1,54.799
319.mp4,-1,-1,52.4477
5818.mp4,-1,-1,55.9145
3029.mp4,-1,-1,36.1299
3077.mp4,-1,-1,64.9702
3321.mp4,-1,-1,48.9756
4103.mp4,-1,-1,33.8844
4232.mp4,-1,-1,54.4022
4753.mp4,-1,-1,59.8566
4098.mp4,-1,-1,65.7623
3826.mp4,-1,-1,61.4014
3483.mp4,-1,-1,56.5012
170.mp4,-1,-1,45.1193
4532.mp4,-1,-1,59.9771
4576.mp4,-1,-1,62.7322
348.mp4,-1,-1,53.7627
4405.mp4,-1,-1,49.2021
5273.mp4,-1,-1,69.3768
744.mp4,-1,-1,39.913
2818.mp4,-1,-1,67.7793
5413.mp4,-1,-1,45.0147
4763.mp4,-1,-1,57.6643
4248.mp4,-1,-1,62.4667
4014.mp4,-1,-1,39.5724
3361.mp4,-1,-1,46.5345
2665.mp4,-1,-1,54.2726
5324.mp4,-1,-1,63.3423
2258.mp4,-1,-1,47.7115
5963.mp4,-1,-1,37.5522
5238.mp4,-1,-1,47.2053
1299.mp4,-1,-1,52.4531
3649.mp4,-1,-1,43.5514
138.mp4,-1,-1,68.1206
3815.mp4,-1,-1,26.5521
2540.mp4,-1,-1,45.661
2384.mp4,-1,-1,54.447
5896.mp4,-1,-1,60.3219
5908.mp4,-1,-1,63.7366
5065.mp4,-1,-1,38.6614
1725.mp4,-1,-1,45.4515
3031.mp4,-1,-1,35.6331
889.mp4,-1,-1,43.6819
4050.mp4,-1,-1,65.4261
4452.mp4,-1,-1,40.0063
2645.mp4,-1,-1,56.2024
2103.mp4,-1,-1,31.2407
2170.mp4,-1,-1,56.1557
2708.mp4,-1,-1,48.0102
730.mp4,-1,-1,57.3372
1604.mp4,-1,-1,47.3469
541.mp4,-1,-1,57.1792
3387.mp4,-1,-1,45.4405
5637.mp4,-1,-1,64.2745
604.mp4,-1,-1,25.637
109.mp4,-1,-1,62.8782
5653.mp4,-1,-1,54.5353
4260.mp4,-1,-1,50.9424
2849.mp4,-1,-1,40.0999
6240.mp4,-1,-1,67.0202
2404.mp4,-1,-1,49.2805
388.mp4,-1,-1,49.7199
615.mp4,-1,-1,18.0979
4628.mp4,-1,-1,41.3403
3702.mp4,-1,-1,50.3722
1260.mp4,-1,-1,27.1665
1684.mp4,-1,-1,47.6241
1120.mp4,-1,-1,62.9954
784.mp4,-1,-1,62.8252
1793.mp4,-1,-1,39.4225
5128.mp4,-1,-1,61.7145
1441.mp4,-1,-1,61.531
1830.mp4,-1,-1,46.9972
3394.mp4,-1,-1,67.7475
213.mp4,-1,-1,39.0942
1948.mp4,-1,-1,68.8564
2439.mp4,-1,-1,46.078
771.mp4,-1,-1,74.4542
1987.mp4,-1,-1,50.2512
43.mp4,-1,-1,44.6694
5064.mp4,-1,-1,36.4838
674.mp4,-1,-1,53.2972
171.mp4,-1,-1,31.3495
4069.mp4,-1,-1,54.1946
6238.mp4,-1,-1,67.9332
362.mp4,-1,-1,59.9296
2456.mp4,-1,-1,28.5696
1719.mp4,-1,-1,56.0423
2208.mp4,-1,-1,58.7843
935.mp4,-1,-1,30.9546
2350.mp4,-1,-1,47.8578
4633.mp4,-1,-1,52.3885
4181.mp4,-1,-1,52.1101
1072.mp4,-1,-1,59.6604
207.mp4,-1,-1,47.7049
2841.mp4,-1,-1,50.0842
4653.mp4,-1,-1,63.6532
3349.mp4,-1,-1,42.6711
3856.mp4,-1,-1,43.0521
2873.mp4,-1,-1,60.1182
2448.mp4,-1,-1,42.9171
459.mp4,-1,-1,47.4862
2885.mp4,-1,-1,52.4122
2626.mp4,-1,-1,53.4642
867.mp4,-1,-1,55.3735
2032.mp4,-1,-1,53.5972
3124.mp4,-1,-1,44.435
933.mp4,-1,-1,49.0896
4136.mp4,-1,-1,56.0399
198.mp4,-1,-1,73.2384
2000.mp4,-1,-1,64.352
308.mp4,-1,-1,53.3497
3757.mp4,-1,-1,36.0343
1243.mp4,-1,-1,45.3959
2233.mp4,-1,-1,36.4744
5775.mp4,-1,-1,43.397
487.mp4,-1,-1,28.2222
858.mp4,-1,-1,65.9786
4644.mp4,-1,-1,47.2353
5526.mp4,-1,-1,45.1253
5996.mp4,-1,-1,65.7341
3868.mp4,-1,-1,46.1101
4264.mp4,-1,-1,51.0437
4417.mp4,-1,-1,49.5729
4169.mp4,-1,-1,50.2587
2361.mp4,-1,-1,47.8981
4411.mp4,-1,-1,68.2727
6140.mp4,-1,-1,54.9283
1658.mp4,-1,-1,57.0101
3636.mp4,-1,-1,48.4377
4538.mp4,-1,-1,50.5104
4794.mp4,-1,-1,38.8282
3964.mp4,-1,-1,38.9816
71.mp4,-1,-1,63.6018
3753.mp4,-1,-1,50.9761
4412.mp4,-1,-1,50.6132
426.mp4,-1,-1,55.8199
92.mp4,-1,-1,44.0084
4547.mp4,-1,-1,48.5637
2101.mp4,-1,-1,32.9523
3440.mp4,-1,-1,43.3864
4568.mp4,-1,-1,52.1493
6023.mp4,-1,-1,42.0846
624.mp4,-1,-1,41.4481
5647.mp4,-1,-1,49.4151
5631.mp4,-1,-1,58.6761
3383.mp4,-1,-1,52.5149
5839.mp4,-1,-1,53.6088
1324.mp4,-1,-1,52.9587
483.mp4,-1,-1,66.1088
5463.mp4,-1,-1,53.8835
1245.mp4,-1,-1,55.5552
2232.mp4,-1,-1,57.8964
5404.mp4,-1,-1,70.2884
2239.mp4,-1,-1,58.9978
1588.mp4,-1,-1,53.6691
4478.mp4,-1,-1,61.8903
3350.mp4,-1,-1,53.666
5806.mp4,-1,-1,51.6558
1236.mp4,-1,-1,31.0139
1347.mp4,-1,-1,70.4581
4032.mp4,-1,-1,39.2746
2531.mp4,-1,-1,61.391
2134.mp4,-1,-1,70.6533
2284.mp4,-1,-1,43.7324
1614.mp4,-1,-1,65.5883
871.mp4,-1,-1,61.8679
1597.mp4,-1,-1,71.6921
5939.mp4,-1,-1,36.9773
4483.mp4,-1,-1,55.7988
312.mp4,-1,-1,27.7178
4474.mp4,-1,-1,51.1279
2419.mp4,-1,-1,54.865
3554.mp4,-1,-1,64.1697
1275.mp4,-1,-1,25.7217
1084.mp4,-1,-1,65.7503
1698.mp4,-1,-1,45.4784
3045.mp4,-1,-1,19.6264
6189.mp4,-1,-1,50.7207
5235.mp4,-1,-1,67.9253
3861.mp4,-1,-1,37.3303
4754.mp4,-1,-1,53.6887
5201.mp4,-1,-1,56.6593
2711.mp4,-1,-1,62.089
5487.mp4,-1,-1,51.2236
1370.mp4,-1,-1,47.2997
3639.mp4,-1,-1,53.4197
1778.mp4,-1,-1,53.788
3714.mp4,-1,-1,61.4448
1938.mp4,-1,-1,38.8997
6121.mp4,-1,-1,36.0921
1723.mp4,-1,-1,52.3531
898.mp4,-1,-1,63.2129
2909.mp4,-1,-1,25.541
5153.mp4,-1,-1,59.321
2076.mp4,-1,-1,42.6821
2684.mp4,-1,-1,52.3186
836.mp4,-1,-1,45.2726
2229.mp4,-1,-1,41.699
5504.mp4,-1,-1,22.6469
5093.mp4,-1,-1,65.6198
1028.mp4,-1,-1,44.3064
4335.mp4,-1,-1,47.9987
5769.mp4,-1,-1,38.3243
589.mp4,-1,-1,58.8773
1875.mp4,-1,-1,31.4028
5694.mp4,-1,-1,58.8943
3570.mp4,-1,-1,67.6139
2003.mp4,-1,-1,70.4336
696.mp4,-1,-1,38.1259
2915.mp4,-1,-1,59.3888
1471.mp4,-1,-1,57.476
3099.mp4,-1,-1,43.5146
3406.mp4,-1,-1,33.6056
2341.mp4,-1,-1,65.677
5263.mp4,-1,-1,63.7805
2212.mp4,-1,-1,46.6481
2664.mp4,-1,-1,64.3139
2039.mp4,-1,-1,27.0123
4254.mp4,-1,-1,53.3058
3732.mp4,-1,-1,55.3121
660.mp4,-1,-1,61.7161
1349.mp4,-1,-1,43.0781
5094.mp4,-1,-1,50.1288
2500.mp4,-1,-1,52.5895
5796.mp4,-1,-1,35.4412
6159.mp4,-1,-1,50.4333
2747.mp4,-1,-1,50.0852
5332.mp4,-1,-1,36.8017
1222.mp4,-1,-1,60.6195
4734.mp4,-1,-1,37.269
6157.mp4,-1,-1,31.0078
3977.mp4,-1,-1,29.3248
1850.mp4,-1,-1,67.8445
4467.mp4,-1,-1,55.2491
2041.mp4,-1,-1,63.0224
2427.mp4,-1,-1,53.0787
189.mp4,-1,-1,47.8203
5325.mp4,-1,-1,48.8
2824.mp4,-1,-1,45.5395
5803.mp4,-1,-1,34.2855
4778.mp4,-1,-1,51.5391
1341.mp4,-1,-1,62.2157
4906.mp4,-1,-1,65.4494
2273.mp4,-1,-1,29.8819
825.mp4,-1,-1,41.8133
2373.mp4,-1,-1,45.4993
2424.mp4,-1,-1,34.6428
5702.mp4,-1,-1,47.4533
2811.mp4,-1,-1,60.6652
2458.mp4,-1,-1,25.0403
5991.mp4,-1,-1,36.916
4983.mp4,-1,-1,55.6169
844.mp4,-1,-1,33.8727
110.mp4,-1,-1,41.048
2056.mp4,-1,-1,53.7671
4375.mp4,-1,-1,54.0555
4727.mp4,-1,-1,44.1272
5882.mp4,-1,-1,46.9222
3955.mp4,-1,-1,56.6109
2628.mp4,-1,-1,56.1769
4022.mp4,-1,-1,26.2095
5639.mp4,-1,-1,38.9479
1716.mp4,-1,-1,58.071
3936.mp4,-1,-1,23.7557
3970.mp4,-1,-1,66.7888
1828.mp4,-1,-1,46.8381
99.mp4,-1,-1,50.8796
2751.mp4,-1,-1,55.167
1834.mp4,-1,-1,35.1989
224.mp4,-1,-1,73.6825
814.mp4,-1,-1,47.7068
460.mp4,-1,-1,40.4433
46.mp4,-1,-1,34.9967
2919.mp4,-1,-1,66.5734
2896.mp4,-1,-1,47.4755
3319.mp4,-1,-1,63.04
5164.mp4,-1,-1,64.6064
1112.mp4,-1,-1,64.2182
884.mp4,-1,-1,63.6588
466.mp4,-1,-1,36.949
5312.mp4,-1,-1,51.3938
4691.mp4,-1,-1,41.6507
3261.mp4,-1,-1,60.4894
3357.mp4,-1,-1,31.0345
358.mp4,-1,-1,48.2326
289.mp4,-1,-1,56.6288
1760.mp4,-1,-1,41.4389
3014.mp4,-1,-1,54.6119
2454.mp4,-1,-1,57.4821
3633.mp4,-1,-1,38.3285
1290.mp4,-1,-1,53.3205
1567.mp4,-1,-1,41.4381
4608.mp4,-1,-1,52.6795
2905.mp4,-1,-1,55.5743
5848.mp4,-1,-1,35.4556
3400.mp4,-1,-1,59.9978
3635.mp4,-1,-1,48.7236
5886.mp4,-1,-1,46.1835
5662.mp4,-1,-1,50.8318
4655.mp4,-1,-1,56.5845
1616.mp4,-1,-1,32.9167
3699.mp4,-1,-1,61.1986
4216.mp4,-1,-1,52.9098
4901.mp4,-1,-1,42.1421
4682.mp4,-1,-1,46.0029
3736.mp4,-1,-1,55.2555
2979.mp4,-1,-1,39.7656
1721.mp4,-1,-1,55.8836
34.mp4,-1,-1,28.6864
2525.mp4,-1,-1,22.6033
1706.mp4,-1,-1,59.4693
1071.mp4,-1,-1,58.9687
3169.mp4,-1,-1,62.1531
2697.mp4,-1,-1,57.5677
5960.mp4,-1,-1,49.6638
5173.mp4,-1,-1,64.0441
1130.mp4,-1,-1,56.1013
5328.mp4,-1,-1,58.9699
1943.mp4,-1,-1,53.1327
52.mp4,-1,-1,63.209
5762.mp4,-1,-1,61.9593
3890.mp4,-1,-1,47.9499
6102.mp4,-1,-1,49.4677
4390.mp4,-1,-1,49.845
937.mp4,-1,-1,46.4894
6125.mp4,-1,-1,29.7473
2848.mp4,-1,-1,52.6231
2035.mp4,-1,-1,47.6516
5811.mp4,-1,-1,22.7217
27.mp4,-1,-1,47.7939
2524.mp4,-1,-1,58.0318
4870.mp4,-1,-1,63.8732
5167.mp4,-1,-1,20.747
818.mp4,-1,-1,49.1779
4736.mp4,-1,-1,45.5841
4800.mp4,-1,-1,33.3055
4019.mp4,-1,-1,51.3623
3749.mp4,-1,-1,51.6629
2778.mp4,-1,-1,52.5591
4398.mp4,-1,-1,71.1382
774.mp4,-1,-1,62.0225
1847.mp4,-1,-1,72.2186
1786.mp4,-1,-1,49.7231
1231.mp4,-1,-1,36.7373
1031.mp4,-1,-1,58.5518
3938.mp4,-1,-1,33.3745
5500.mp4,-1,-1,29.1565
2468.mp4,-1,-1,41.5713
5968.mp4,-1,-1,72.2462
3595.mp4,-1,-1,56.4158
3238.mp4,-1,-1,38.5404
5571.mp4,-1,-1,56.7906
5011.mp4,-1,-1,38.1871
3778.mp4,-1,-1,20.4923
765.mp4,-1,-1,48.7621
811.mp4,-1,-1,32.6944
5375.mp4,-1,-1,35.0966
1366.mp4,-1,-1,22.9551
971.mp4,-1,-1,61.8626
149.mp4,-1,-1,38.0698
964.mp4,-1,-1,43.1097
351.mp4,-1,-1,51.1779
807.mp4,-1,-1,61.2303
6105.mp4,-1,-1,51.0209
3726.mp4,-1,-1,55.8707
5528.mp4,-1,-1,59.379
363.mp4,-1,-1,36.8281
2459.mp4,-1,-1,44.8579
1481.mp4,-1,-1,38.7051
1631.mp4,-1,-1,73.7998
2300.mp4,-1,-1,57.0104
1959.mp4,-1,-1,51.745
2704.mp4,-1,-1,43.4958
2866.mp4,-1,-1,51.4545
1932.mp4,-1,-1,66.2085
1081.mp4,-1,-1,42.5098
4175.mp4,-1,-1,52.454
3293.mp4,-1,-1,51.1746
566.mp4,-1,-1,60.517
5904.mp4,-1,-1,27.3207
3073.mp4,-1,-1,57.7435
3464.mp4,-1,-1,49.7485
5193.mp4,-1,-1,52.3465
684.mp4,-1,-1,35.9983
4388.mp4,-1,-1,56.2239
4090.mp4,-1,-1,54.48
1718.mp4,-1,-1,53.6883
4143.mp4,-1,-1,56.625
1800.mp4,-1,-1,61.4219
3385.mp4,-1,-1,68.3573
1775.mp4,-1,-1,54.2883
4408.mp4,-1,-1,36.6752
978.mp4,-1,-1,47.5457
122.mp4,-1,-1,35.3368
5259.mp4,-1,-1,55.1841
302.mp4,-1,-1,16.5922
2483.mp4,-1,-1,40.202
3613.mp4,-1,-1,37.0977
6154.mp4,-1,-1,30.06
221.mp4,-1,-1,65.4058
2440.mp4,-1,-1,46.9598
3235.mp4,-1,-1,49.6785
4493.mp4,-1,-1,60.0048
4583.mp4,-1,-1,40.6903
2907.mp4,-1,-1,60.8372
413.mp4,-1,-1,49.3039
6011.mp4,-1,-1,48.8891
5316.mp4,-1,-1,23.5745
1526.mp4,-1,-1,53.0869
899.mp4,-1,-1,48.3914
553.mp4,-1,-1,35.5844
1737.mp4,-1,-1,40.2015
4030.mp4,-1,-1,26.6058
455.mp4,-1,-1,56.5414
1004.mp4,-1,-1,53.2847
2690.mp4,-1,-1,47.0757
5652.mp4,-1,-1,32.593
5905.mp4,-1,-1,66.8005
5077.mp4,-1,-1,58.3145
5740.mp4,-1,-1,56.5602
3798.mp4,-1,-1,55.5641
5521.mp4,-1,-1,52.492
5124.mp4,-1,-1,51.1965
2972.mp4,-1,-1,41.6865
1555.mp4,-1,-1,76.0392
2362.mp4,-1,-1,52.6515
2815.mp4,-1,-1,55.3681
1969.mp4,-1,-1,50.0356
3300.mp4,-1,-1,44.5463
1878.mp4,-1,-1,68.7773
4797.mp4,-1,-1,60.2252
1286.mp4,-1,-1,65.6366
4984.mp4,-1,-1,42.7454
4097.mp4,-1,-1,23.0481
5415.mp4,-1,-1,48.9063
4740.mp4,-1,-1,50.4538
3332.mp4,-1,-1,51.3244
1250.mp4,-1,-1,28.9371
6259.mp4,-1,-1,44.2137
5975.mp4,-1,-1,62.908
4072.mp4,-1,-1,57.2495
5648.mp4,-1,-1,43.3493
384.mp4,-1,-1,31.4418
2700.mp4,-1,-1,49.987
3125.mp4,-1,-1,66.377
640.mp4,-1,-1,44.4552
3573.mp4,-1,-1,24.2206
4282.mp4,-1,-1,59.945
493.mp4,-1,-1,58.3937
4656.mp4,-1,-1,57.3132
1745.mp4,-1,-1,49.1086
2910.mp4,-1,-1,61.3802
706.mp4,-1,-1,56.6134
2344.mp4,-1,-1,55.2728
5014.mp4,-1,-1,55.3694
3010.mp4,-1,-1,27.3858
5000.mp4,-1,-1,45.3399
4897.mp4,-1,-1,59.4702
2920.mp4,-1,-1,61.4151
1960.mp4,-1,-1,61.0924
2299.mp4,-1,-1,33.5963
4230.mp4,-1,-1,62.8466
3264.mp4,-1,-1,58.8227
5027.mp4,-1,-1,50.8911
5557.mp4,-1,-1,62.6832
3485.mp4,-1,-1,65.4383
4063.mp4,-1,-1,42.4814
6073.mp4,-1,-1,51.5426
499.mp4,-1,-1,48.7117
5801.mp4,-1,-1,61.2185
4638.mp4,-1,-1,56.6675
881.mp4,-1,-1,39.7829
5695.mp4,-1,-1,61.0168
3183.mp4,-1,-1,52.8275
1731.mp4,-1,-1,63.5932
987.mp4,-1,-1,32.168
1702.mp4,-1,-1,57.1066
1097.mp4,-1,-1,60.9381
5990.mp4,-1,-1,46.2754
4900.mp4,-1,-1,61.8025
3788.mp4,-1,-1,61.1672
2961.mp4,-1,-1,55.5638
2975.mp4,-1,-1,65.7613
5210.mp4,-1,-1,42.0249
2119.mp4,-1,-1,50.9171
5095.mp4,-1,-1,61.5834
3462.mp4,-1,-1,47.1227
3080.mp4,-1,-1,44.6893
4377.mp4,-1,-1,49.002
4190.mp4,-1,-1,63.1663
4908.mp4,-1,-1,62.0874
1907.mp4,-1,-1,35.2498
2462.mp4,-1,-1,28.9845
3920.mp4,-1,-1,48.2496
5529.mp4,-1,-1,66.5609
5595.mp4,-1,-1,65.3141
1048.mp4,-1,-1,56.6643
3224.mp4,-1,-1,63.511
4290.mp4,-1,-1,53.5651
1257.mp4,-1,-1,51.7145
5513.mp4,-1,-1,44.4439
1930.mp4,-1,-1,66.5967
854.mp4,-1,-1,28.206
4557.mp4,-1,-1,57.692
6203.mp4,-1,-1,33.8198
1667.mp4,-1,-1,60.4448
3089.mp4,-1,-1,62.6721
222.mp4,-1,-1,42.6099
2862.mp4,-1,-1,47.9167
406.mp4,-1,-1,40.6002
834.mp4,-1,-1,54.0556
1495.mp4,-1,-1,31.7748
5156.mp4,-1,-1,61.9828
484.mp4,-1,-1,31.079
5159.mp4,-1,-1,50.5781
1230.mp4,-1,-1,37.6448
4840.mp4,-1,-1,59.5809
4581.mp4,-1,-1,42.4556
4208.mp4,-1,-1,55.7295
870.mp4,-1,-1,22.0822
5043.mp4,-1,-1,46.7878
5640.mp4,-1,-1,28.0322
1981.mp4,-1,-1,64.7965
3377.mp4,-1,-1,44.8231
264.mp4,-1,-1,40.5049
5163.mp4,-1,-1,53.3444
3963.mp4,-1,-1,35.1174
3308.mp4,-1,-1,64.3933
1753.mp4,-1,-1,50.4747
5406.mp4,-1,-1,41.4788
1158.mp4,-1,-1,57.1428
204.mp4,-1,-1,60.531
5257.mp4,-1,-1,44.2918
2893.mp4,-1,-1,45.6041
3928.mp4,-1,-1,55.0996
4806.mp4,-1,-1,34.2324
5023.mp4,-1,-1,39.9129
5827.mp4,-1,-1,67.5474
2149.mp4,-1,-1,43.1354
337.mp4,-1,-1,56.5468
5438.mp4,-1,-1,50.7631
4663.mp4,-1,-1,38.4614
4555.mp4,-1,-1,27.3331
2843.mp4,-1,-1,62.8516
2573.mp4,-1,-1,60.6435
1187.mp4,-1,-1,62.3298
334.mp4,-1,-1,36.401
3289.mp4,-1,-1,56.9688
5782.mp4,-1,-1,60.6422
5985.mp4,-1,-1,55.0035
4039.mp4,-1,-1,43.2808
3050.mp4,-1,-1,36.8667
5621.mp4,-1,-1,62.8781
4941.mp4,-1,-1,54.4562
3043.mp4,-1,-1,23.3433
1874.mp4,-1,-1,64.4476
5622.mp4,-1,-1,39.7718
5918.mp4,-1,-1,36.4776
1659.mp4,-1,-1,64.4178
1923.mp4,-1,-1,62.2161
4345.mp4,-1,-1,54.4318
1427.mp4,-1,-1,55.8662
2277.mp4,-1,-1,37.0728
5427.mp4,-1,-1,53.6714
4187.mp4,-1,-1,50.6877
2497.mp4,-1,-1,36.7227
242.mp4,-1,-1,52.5813
4616.mp4,-1,-1,53.1585
36.mp4,-1,-1,65.2881
1164.mp4,-1,-1,18.9188
4442.mp4,-1,-1,34.5866
3428.mp4,-1,-1,68.1636
3418.mp4,-1,-1,44.4599
1077.mp4,-1,-1,58.477
694.mp4,-1,-1,56.7683
2726.mp4,-1,-1,46.9109
538.mp4,-1,-1,65.096
3215.mp4,-1,-1,50.4972
5770.mp4,-1,-1,54.4047
1813.mp4,-1,-1,47.9001
5083.mp4,-1,-1,31.0662
2988.mp4,-1,-1,56.4039
2735.mp4,-1,-1,50.0855
5040.mp4,-1,-1,54.2537
1709.mp4,-1,-1,47.418
